0, 696
1, 337
2, 601
3, 95
4, 827
5, 461
6, 334
7, 835
8, 244
9, 380
10, 565
11, 325
12, 614
13, 838
14, 888
15, 505
16, 247
17, 767
18, 105
19, 618
20, 275
21, 497
22, 676
23, 848
24, 766
25, 486
26, 865
27, 328
28, 341
29, 754
30, 412
31, 171
32, 725
33, 67
34, 799
35, 593
36, 646
37, 101
38, 474
39, 399
40, 684
41, 890
42, 744
43, 886
44, 837
45, 408
46, 240
47, 252
48, 275
49, 820
50, 648
51, 763
52, 17
53, 585
54, 158
55, 485
56, 715
57, 101
58, 566
59, 299
60, 347
61, 519
62, 64
63, 253
64, 640
65, 35
66, 208
67, 667
68, 763
69, 387
70, 521
71, 824
72, 613
73, 681
74, 503
75, 445
76, 371
77, 178
78, 468
79, 177
80, 342
81, 121
82, 678
83, 220
84, 222
85, 104
86, 748
87, 722
88, 810
89, 848
90, 95
91, 738
92, 823
93, 622
94, 280
95, 447
96, 726
97, 531
98, 478
99, 840
100, 336
101, 617
102, 842
103, 345
104, 166
105, 312
106, 69
107, 337
108, 631
109, 603
110, 123
111, 398
112, 123
113, 190
114, 779
115, 247
116, 836
117, 810
118, 433
119, 636
120, 1
121, 2
122, 312
123, 806
124, 814
125, 379
126, 654
127, 767
128, 812
129, 519
130, 434
131, 243
132, 205
133, 53
134, 469
135, 587
136, 640
137, 188
138, 87
139, 703
140, 639
141, 617
142, 598
143, 569
144, 181
145, 530
146, 118
147, 338
148, 26
149, 446
150, 759
151, 475
152, 586
153, 674
154, 776
155, 123
156, 593
157, 876
158, 23
159, 521
160, 188
161, 168
162, 547
163, 438
164, 647
165, 82
166, 51
167, 309
168, 584
169, 197
170, 260
171, 365
172, 842
173, 29
174, 602
175, 664
176, 819
177, 600
178, 355
179, 751
180, 127
181, 706
182, 58
183, 338
184, 292
185, 480
186, 1
187, 402
188, 586
189, 715
190, 835
191, 313
192, 313
193, 487
194, 774
195, 382
196, 204
197, 64
198, 117
199, 527
200, 212
201, 394
202, 855
203, 818
204, 180
205, 360
206, 153
207, 28
208, 803
209, 262
210, 809
211, 521
212, 248
213, 172
214, 538
215, 857
216, 880
217, 443
218, 669
219, 451
220, 402
221, 142
222, 293
223, 692
224, 174
225, 155
226, 721
227, 348
228, 363
229, 273
230, 330
231, 632
232, 41
233, 75
234, 205
235, 773
236, 522
237, 301
238, 203
239, 828
240, 577
241, 594
242, 273
243, 400
244, 202
245, 291
246, 192
247, 389
248, 137
249, 129
250, 277
251, 74
252, 300
253, 296
254, 72
255, 701
256, 734
257, 294
258, 640
259, 281
260, 594
261, 870
262, 453
263, 788
264, 210
265, 779
266, 259
267, 304
268, 619
269, 476
270, 284
271, 790
272, 662
273, 12
274, 5
275, 47
276, 809
277, 888
278, 101
279, 186
280, 617
281, 488
282, 534
283, 744
284, 165
285, 772
286, 157
287, 558
288, 318
289, 719
290, 35
291, 342
292, 289
293, 165
294, 518
295, 110
296, 225
297, 334
298, 70
299, 199
