21, 0.0150338, 2.61651e-07
41, 0.00747062, 1.59068e-08
61, 0.00497022, 3.11305e-09
81, 0.00372385, 9.80415e-10
101, 0.00297726, 4.00457e-10
121, 0.00248003, 1.92762e-10
141, 0.00212512, 1.0391e-10
161, 0.00185907, 6.0849e-11
181, 0.00165223, 3.79582e-11
201, 0.0014868, 2.48888e-11
221, 0.00135149, 1.69909e-11
241, 0.00123875, 1.19915e-11
261, 0.00114337, 8.70289e-12
281, 0.00106163, 6.46852e-12
301, 0.000990798, 4.90698e-12
321, 0.000928826, 3.78996e-12
341, 0.00087415, 2.97329e-12
361, 0.000825553, 2.36505e-12
381, 0.000782075, 1.90484e-12
401, 0.000742947, 1.55124e-12
421, 0.000707548, 1.27602e-12
441, 0.000675369, 1.05926e-12
461, 0.000645989, 8.86648e-13
481, 0.000619059, 7.47819e-13
501, 0.000594285, 6.34718e-13
521, 0.000571417, 5.42847e-13
541, 0.000550244, 4.66504e-13
561, 0.000530584, 4.03586e-13
581, 0.00051228, 3.50544e-13
601, 0.000495197, 3.05824e-13
621, 0.000479217, 2.68142e-13
641, 0.000464235, 2.36502e-13
661, 0.000450162, 2.09083e-13
681, 0.000436918, 1.85263e-13
701, 0.00042443, 1.65332e-13
721, 0.000412636, 1.47548e-13
741, 0.00040148, 1.32342e-13
761, 0.000390911, 1.19123e-13
781, 0.000380885, 1.06943e-13
801, 0.00037136, 9.66554e-14
821, 0.0003623, 8.77587e-14
841, 0.000353671, 7.98767e-14
861, 0.000345444, 7.24329e-14
881, 0.000337591, 6.59306e-14
901, 0.000330086, 6.0446e-14
921, 0.000322909, 5.52571e-14
941, 0.000316037, 5.04129e-14
961, 0.000309451, 4.65666e-14
981, 0.000303134, 4.30621e-14
1001, 0.00029707, 3.9294e-14
1021, 0.000291243, 3.70773e-14
1041, 0.000285641, 3.37196e-14
1061, 0.000280251, 3.17651e-14
1081, 0.00027506, 2.9286e-14
1101, 0.000270057, 2.72573e-14
1121, 0.000265234, 2.53333e-14
1141, 0.00026058, 2.3168e-14
1161, 0.000256086, 2.17338e-14
1181, 0.000251745, 1.98129e-14
1201, 0.000247548, 1.87919e-14
1221, 0.000243489, 1.7897e-14
1241, 0.000239561, 1.77093e-14
1261, 0.000235758, 1.55148e-14
1281, 0.000232073, 1.46651e-14
1301, 0.000228502, 1.43803e-14
1321, 0.00022504, 1.30577e-14
1341, 0.00022168, 1.20515e-14
1361, 0.00021842, 1.13077e-14
1381, 0.000215253, 1.11371e-14
1401, 0.000212178, 1.01789e-14
1421, 0.000209189, 1.03249e-14
1441, 0.000206283, 9.10654e-15
1461, 0.000203457, 8.91864e-15
1481, 0.000200707, 8.02455e-15
1501, 0.00019803, 7.6684e-15
1521, 0.000195424, 7.43547e-15
1541, 0.000192886, 6.87059e-15
1561, 0.000190413, 6.80918e-15
1581, 0.000188002, 6.61339e-15
1601, 0.000185652, 6.194e-15
1621, 0.000183359, 5.97243e-15
1641, 0.000181123, 5.56903e-15
1661, 0.00017894, 5.59286e-15
1681, 0.00017681, 5.14191e-15
1701, 0.000174729, 4.68931e-15
1721, 0.000172697, 4.50672e-15
1741, 0.000170712, 4.54434e-15
1761, 0.000168772, 4.03933e-15
1781, 0.000166875, 4.18872e-15
1801, 0.000165021, 3.71558e-15
1821, 0.000163207, 3.83358e-15
1841, 0.000161433, 3.30017e-15
1861, 0.000159697, 3.51529e-15
1881, 0.000157998, 3.13223e-15
1901, 0.000156334, 3.07417e-15
1921, 0.000154706, 2.84755e-15
1941, 0.000153111, 3.09545e-15
1961, 0.000151548, 2.67399e-15
1981, 0.000150017, 2.41308e-15
2001, 0.000148517, 3.19578e-15
2021, 0.000147046, 2.32153e-15
2041, 0.000145604, 2.07171e-15
2061, 0.00014419, 2.23095e-15
2081, 0.000142804, 1.91359e-15
2101, 0.000141444, 3.15584e-15
2121, 0.000140109, 1.96978e-15
2141, 0.0001388, 1.16363e-15
2161, 0.000137514, 2.05841e-15
2181, 0.000136252, 1.84616e-15
2201, 0.000135014, 1.38965e-15
2221, 0.000133797, 2.24367e-15
2241, 0.000132602, 2.09709e-15
2261, 0.000131429, 1.55463e-15
2281, 0.000130276, 1.60374e-15
2301, 0.000129143, 1.68619e-15
2321, 0.000128029, 1.98619e-15
2341, 0.000126935, 9.83337e-16
2361, 0.000125859, 9.78311e-16
2381, 0.000124802, 9.44692e-16
2401, 0.000123761, 1.42366e-15
2421, 0.000122738, 1.07691e-15
2441, 0.000121732, 1.04739e-15
2461, 0.000120743, 1.46404e-15
2481, 0.000119769, 1.27073e-15
2501, 0.00011881, 1.1216e-15
2521, 0.000117867, 8.83147e-16
2541, 0.000116939, 9.7931e-16
2561, 0.000116026, 7.31139e-16
2581, 0.000115126, 1.03071e-15
2601, 0.00011424, 7.69089e-16
2621, 0.000113368, 6.36663e-16
2641, 0.000112509, 3.75452e-16
2661, 0.000111663, 1.15187e-15
2681, 0.00011083, 1.09948e-15
2701, 0.000110009, 3.87787e-16
2721, 0.0001092, 6.33176e-16
2741, 0.000108403, 1.13445e-15
2761, 0.000107617, 5.09854e-16
2781, 0.000106843, 3.22428e-16
2801, 0.00010608, 3.03468e-16
2821, 0.000105327, 9.80467e-16
2841, 0.000104585, 8.32237e-16
2861, 0.000103854, 2.71221e-16
2881, 0.000103133, 6.83754e-16
2901, 0.000102421, 5.04824e-16
2921, 0.00010172, 1.12035e-15
2941, 0.000101028, 5.34991e-16
2961, 0.000100345, 4.9841e-16
2981, 9.96716e-05, 9.72479e-16
3001, 9.90071e-05, 4.83544e-16
3021, 9.83514e-05, 5.01098e-16
3041, 9.77043e-05, 1.33158e-15
3061, 9.70656e-05, 5.1944e-16
3081, 9.64353e-05, 3.08194e-16
3101, 9.58131e-05, 2.9782e-16
3121, 9.51988e-05, 4.27993e-16
3141, 9.45924e-05, 2.88814e-16
3161, 9.39937e-05, 4.49375e-16
3181, 9.34025e-05, 2.39242e-16
3201, 9.28187e-05, 4.81053e-16
3221, 9.22421e-05, 1.25511e-15
3241, 9.16727e-05, 2.63614e-16
3261, 9.11102e-05, 1.22969e-15
3281, 9.05546e-05, 1.14308e-15
3301, 9.00058e-05, 2.69156e-16
3321, 8.94635e-05, 3.77897e-16
3341, 8.89278e-05, 7.47922e-16
3361, 8.83984e-05, 1.01025e-15
3381, 8.78753e-05, 1.67748e-16
3401, 8.73584e-05, 2.13786e-16
3421, 8.68475e-05, 3.80733e-16
3441, 8.63425e-05, 2.58431e-16
3461, 8.58434e-05, 4.21522e-16
3481, 8.535e-05, 6.85318e-16
3501, 8.48622e-05, 4.26473e-16
3521, 8.438e-05, 2.63138e-16
3541, 8.39033e-05, 6.79537e-16
3561, 8.34319e-05, 3.36411e-16
3581, 8.29657e-05, 1.3637e-15
3601, 8.25048e-05, 6.48576e-16
3621, 8.20489e-05, 2.39153e-16
3641, 8.15981e-05, 5.8565e-16
3661, 8.11522e-05, 3.55159e-16
3681, 8.07111e-05, 4.99789e-16
3701, 8.02748e-05, 2.34606e-16
3721, 7.98432e-05, 4.51414e-16
3741, 7.94162e-05, 2.45883e-16
3761, 7.89937e-05, 7.80713e-16
3781, 7.85757e-05, 2.99901e-16
3801, 7.81622e-05, 3.38193e-16
3821, 7.77529e-05, 4.39963e-16
3841, 7.73479e-05, 3.18492e-16
3861, 7.69471e-05, 2.10198e-16
3881, 7.65505e-05, 4.76508e-16
3901, 7.61579e-05, 1.93627e-16
3921, 7.57693e-05, 6.64527e-16
3941, 7.53847e-05, 2.71457e-16
3961, 7.50039e-05, 4.09733e-16
3981, 7.4627e-05, 4.65249e-16
4001, 7.42538e-05, 2.56828e-16
4021, 7.38844e-05, 2.90374e-16
4041, 7.35186e-05, 3.61475e-16
4061, 7.31564e-05, 6.68048e-16
4081, 7.27978e-05, 8.14631e-16
4101, 7.24426e-05, 7.28995e-16
4121, 7.2091e-05, 3.57596e-16
4141, 7.17427e-05, 6.87736e-16
4161, 7.13977e-05, 6.07107e-16
4181, 7.10561e-05, 3.58944e-16
4201, 7.07177e-05, 3.45494e-16
4221, 7.03825e-05, 3.37354e-16
4241, 7.00505e-05, 4.9981e-16
4261, 6.97216e-05, 2.21569e-16
4281, 6.93958e-05, 3.85803e-16
4301, 6.9073e-05, 5.484e-16
4321, 6.87532e-05, 7.71471e-16
4341, 6.84364e-05, 5.67957e-16
4361, 6.81224e-05, 7.94665e-16
4381, 6.78113e-05, 1.20717e-15
4401, 6.75031e-05, 6.9399e-16
4421, 6.71976e-05, 2.51916e-16
4441, 6.68949e-05, 7.39495e-16
4461, 6.65949e-05, 2.90329e-16
4481, 6.62976e-05, 5.88931e-16
4501, 6.60029e-05, 4.67849e-16
4521, 6.57109e-05, 3.55082e-16
4541, 6.54214e-05, 7.54333e-16
4561, 6.51344e-05, 8.88933e-16
4581, 6.485e-05, 6.27006e-16
4601, 6.4568e-05, 1.15083e-15
4621, 6.42885e-05, 4.92086e-16
4641, 6.40114e-05, 6.53007e-16
4661, 6.37366e-05, 5.61578e-16
4681, 6.34642e-05, 7.23293e-16
4701, 6.31942e-05, 2.88372e-16
4721, 6.29264e-05, 3.22655e-16
4741, 6.26608e-05, 8.31871e-16
4761, 6.23976e-05, 3.59948e-16
4781, 6.21365e-05, 4.37163e-16
4801, 6.18775e-05, 1.01366e-15
4821, 6.16208e-05, 8.49363e-16
4841, 6.13661e-05, 1.529e-15
4861, 6.11136e-05, 3.31988e-16
4881, 6.08631e-05, 8.02592e-16
4901, 6.06147e-05, 2.10005e-16
4921, 6.03683e-05, 1.04045e-15
4941, 6.01238e-05, 5.54437e-16
4961, 5.98814e-05, 3.32843e-16
4981, 5.96409e-05, 2.86405e-16
5001, 5.94023e-05, 9.33411e-16
5021, 5.91656e-05, 5.26858e-16
5041, 5.89309e-05, 4.68216e-16
5061, 5.86979e-05, 3.91084e-16
5081, 5.84668e-05, 6.81019e-16
5101, 5.82375e-05, 1.70504e-15
5121, 5.801e-05, 7.84321e-16
5141, 5.77843e-05, 5.30617e-16
5161, 5.75603e-05, 2.97158e-16
5181, 5.73381e-05, 4.48627e-16
5201, 5.71175e-05, 4.66124e-16
5221, 5.68987e-05, 3.27384e-16
5241, 5.66815e-05, 5.24163e-16
5261, 5.64659e-05, 2.36273e-16
5281, 5.62521e-05, 8.77409e-16
5301, 5.60398e-05, 4.94872e-16
5321, 5.58291e-05, 7.10065e-16
5341, 5.562e-05, 8.9773e-16
5361, 5.54124e-05, 2.25519e-16
5381, 5.52064e-05, 8.26075e-16
5401, 5.5002e-05, 3.50236e-16
5421, 5.4799e-05, 3.44377e-16
5441, 5.45975e-05, 9.73736e-16
5461, 5.43975e-05, 1.4815e-15
5481, 5.4199e-05, 3.92908e-16
5501, 5.40019e-05, 5.61186e-16
5521, 5.38062e-05, 4.62328e-16
5541, 5.36119e-05, 6.92081e-16
5561, 5.34191e-05, 6.18524e-16
5581, 5.32276e-05, 2.87194e-16
5601, 5.30375e-05, 3.3942e-16
5621, 5.28488e-05, 4.31399e-16
5641, 5.26613e-05, 1.17889e-15
5661, 5.24753e-05, 4.2563e-16
5681, 5.22905e-05, 4.31118e-16
5701, 5.2107e-05, 5.74298e-16
5721, 5.19248e-05, 8.02311e-16
5741, 5.17439e-05, 1.28272e-15
5761, 5.15642e-05, 4.43347e-16
5781, 5.13858e-05, 6.7843e-16
5801, 5.12086e-05, 4.714e-16
5821, 5.10326e-05, 8.74789e-16
5841, 5.08578e-05, 5.36693e-16
5861, 5.06842e-05, 2.30086e-16
5881, 5.05118e-05, 4.8538e-16
5901, 5.03406e-05, 3.45207e-16
5921, 5.01705e-05, 2.74734e-16
5941, 5.00016e-05, 3.0376e-16
5961, 4.98338e-05, 2.47388e-16
5981, 4.96671e-05, 3.50451e-16
6001, 4.95015e-05, 2.0039e-16
6021, 4.93371e-05, 6.19543e-16
6041, 4.91737e-05, 3.02045e-16
6061, 4.90114e-05, 5.04331e-16
6081, 4.88502e-05, 4.42665e-16
6101, 4.869e-05, 3.10975e-16
6121, 4.85309e-05, 4.00467e-16
6141, 4.83728e-05, 3.73279e-16
6161, 4.82157e-05, 6.6621e-16
6181, 4.80597e-05, 5.93837e-16
6201, 4.79046e-05, 1.32637e-15
6221, 4.77506e-05, 3.10362e-16
6241, 4.75976e-05, 4.06683e-16
6261, 4.74455e-05, 6.84633e-16
6281, 4.72944e-05, 4.37412e-16
6301, 4.71442e-05, 6.83899e-16
6321, 4.6995e-05, 9.18375e-16
6341, 4.68468e-05, 6.44773e-16
6361, 4.66995e-05, 3.83617e-16
6381, 4.65531e-05, 9.62054e-16
6401, 4.64076e-05, 8.89319e-16
6421, 4.6263e-05, 8.29858e-16
6441, 4.61193e-05, 4.72047e-16
6461, 4.59765e-05, 6.61254e-16
6481, 4.58346e-05, 3.11941e-16
6501, 4.56936e-05, 3.34779e-16
6521, 4.55534e-05, 4.10358e-16
6541, 4.54141e-05, 7.08151e-16
6561, 4.52756e-05, 5.76306e-16
6581, 4.5138e-05, 2.4193e-16
6601, 4.50012e-05, 3.61541e-16
6621, 4.48653e-05, 6.04913e-16
6641, 4.47301e-05, 4.2188e-16
6661, 4.45958e-05, 1.01556e-15
6681, 4.44623e-05, 2.84664e-16
6701, 4.43295e-05, 1.12722e-15
6721, 4.41976e-05, 4.51696e-16
6741, 4.40664e-05, 5.5799e-16
6761, 4.39361e-05, 4.50243e-16
6781, 4.38065e-05, 4.5871e-16
6801, 4.36776e-05, 7.57077e-16
6821, 4.35495e-05, 3.48249e-16
6841, 4.34222e-05, 1.14094e-15
6861, 4.32956e-05, 5.33068e-16
6881, 4.31697e-05, 1.33026e-15
6901, 4.30446e-05, 6.69983e-16
6921, 4.29202e-05, 6.12447e-16
6941, 4.27965e-05, 4.20832e-16
6961, 4.26735e-05, 6.53327e-16
6981, 4.25512e-05, 1.03326e-15
7001, 4.24296e-05, 5.58021e-16
7021, 4.23088e-05, 6.72253e-16
7041, 4.21886e-05, 6.43109e-16
7061, 4.2069e-05, 6.61299e-16
7081, 4.19502e-05, 7.52031e-16
7101, 4.1832e-05, 4.68518e-16
7121, 4.17145e-05, 8.84959e-16
7141, 4.15977e-05, 7.90468e-16
7161, 4.14815e-05, 3.67772e-16
7181, 4.13659e-05, 6.05045e-16
7201, 4.1251e-05, 7.13886e-16
7221, 4.11367e-05, 8.77009e-16
7241, 4.10231e-05, 3.06753e-16
7261, 4.09101e-05, 8.60492e-16
7281, 4.07977e-05, 6.63587e-16
7301, 4.06859e-05, 9.80291e-16
7321, 4.05747e-05, 5.81897e-16
7341, 4.04642e-05, 5.64193e-16
7361, 4.03542e-05, 6.88143e-16
7381, 4.02448e-05, 4.84626e-16
7401, 4.01361e-05, 1.69642e-15
7421, 4.00279e-05, 1.58324e-15
7441, 3.99203e-05, 3.82767e-16
7461, 3.98132e-05, 3.70249e-16
7481, 3.97068e-05, 5.27404e-16
7501, 3.96009e-05, 5.11615e-16
7521, 3.94956e-05, 2.95838e-16
7541, 3.93908e-05, 3.73859e-16
7561, 3.92866e-05, 2.95477e-16
7581, 3.91829e-05, 4.29236e-16
7601, 3.90798e-05, 4.36834e-16
7621, 3.89772e-05, 6.63224e-16
7641, 3.88752e-05, 3.95407e-16
7661, 3.87737e-05, 3.20941e-16
7681, 3.86727e-05, 4.59353e-16
7701, 3.85723e-05, 3.20957e-16
7721, 3.84723e-05, 2.95084e-16
7741, 3.83729e-05, 2.47898e-15
7761, 3.8274e-05, 4.79283e-16
7781, 3.81756e-05, 6.9533e-16
7801, 3.80777e-05, 3.68821e-16
7821, 3.79804e-05, 6.31131e-16
7841, 3.78835e-05, 5.97355e-16
7861, 3.77871e-05, 9.02309e-16
7881, 3.76912e-05, 5.84917e-16
7901, 3.75957e-05, 1.0738e-15
7921, 3.75008e-05, 7.34049e-16
7941, 3.74063e-05, 3.06601e-16
7961, 3.73123e-05, 3.7586e-16
7981, 3.72188e-05, 1.15626e-15
8001, 3.71258e-05, 7.65719e-16
8021, 3.70332e-05, 6.92858e-16
8041, 3.69411e-05, 9.59668e-16
8061, 3.68494e-05, 6.51029e-16
8081, 3.67582e-05, 3.88125e-16
8101, 3.66674e-05, 3.89191e-16
8121, 3.65771e-05, 6.82047e-16
8141, 3.64872e-05, 4.62189e-16
8161, 3.63978e-05, 3.80752e-16
8181, 3.63088e-05, 3.35693e-16
8201, 3.62202e-05, 1.78965e-15
8221, 3.61321e-05, 8.35476e-16
8241, 3.60444e-05, 5.1314e-16
8261, 3.59571e-05, 6.12891e-16
8281, 3.58703e-05, 1.2727e-15
8301, 3.57838e-05, 5.95422e-16
8321, 3.56978e-05, 5.9156e-16
8341, 3.56122e-05, 6.59612e-16
8361, 3.5527e-05, 4.07869e-16
8381, 3.54422e-05, 8.02547e-16
8401, 3.53578e-05, 7.34715e-16
8421, 3.52738e-05, 1.05263e-15
8441, 3.51902e-05, 7.04056e-16
8461, 3.51071e-05, 5.28373e-16
8481, 3.50243e-05, 5.5841e-16
8501, 3.49418e-05, 3.4278e-16
8521, 3.48598e-05, 4.36858e-16
8541, 3.47782e-05, 6.39438e-16
8561, 3.46969e-05, 2.91283e-16
8581, 3.4616e-05, 5.77291e-16
8601, 3.45355e-05, 4.13191e-16
8621, 3.44554e-05, 7.28313e-16
8641, 3.43756e-05, 6.34334e-16
8661, 3.42962e-05, 9.00427e-16
8681, 3.42172e-05, 1.19096e-15
8701, 3.41386e-05, 5.0279e-16
8721, 3.40603e-05, 4.49194e-16
8741, 3.39823e-05, 1.15399e-15
8761, 3.39047e-05, 1.25154e-15
8781, 3.38275e-05, 1.13408e-15
8801, 3.37506e-05, 6.36432e-16
8821, 3.36741e-05, 6.99739e-16
8841, 3.35979e-05, 1.02028e-15
8861, 3.3522e-05, 3.17634e-16
8881, 3.34465e-05, 4.94881e-16
8901, 3.33714e-05, 8.99772e-16
8921, 3.32965e-05, 1.01552e-15
8941, 3.32221e-05, 4.51937e-16
8961, 3.31479e-05, 6.23009e-16
8981, 3.30741e-05, 1.08931e-15
9001, 3.30006e-05, 3.8781e-16
9021, 3.29274e-05, 6.89551e-16
9041, 3.28545e-05, 5.5078e-16
9061, 3.2782e-05, 8.75059e-16
9081, 3.27098e-05, 6.23946e-16
9101, 3.26379e-05, 4.38527e-16
9121, 3.25663e-05, 1.36903e-15
9141, 3.24951e-05, 5.45173e-16
9161, 3.24241e-05, 5.77247e-16
9181, 3.23535e-05, 8.08168e-16
9201, 3.22831e-05, 4.58418e-16
9221, 3.22131e-05, 4.82672e-16
9241, 3.21434e-05, 4.34802e-16
9261, 3.2074e-05, 1.05727e-15
9281, 3.20048e-05, 4.47555e-16
9301, 3.1936e-05, 1.06968e-15
9321, 3.18675e-05, 3.50308e-16
9341, 3.17992e-05, 6.20633e-16
9361, 3.17313e-05, 7.13269e-16
9381, 3.16636e-05, 4.86899e-16
9401, 3.15963e-05, 6.43737e-16
9421, 3.15292e-05, 5.27715e-16
9441, 3.14624e-05, 4.3599e-16
9461, 3.13959e-05, 2.90147e-16
9481, 3.13296e-05, 3.22124e-16
9501, 3.12637e-05, 8.76499e-16
9521, 3.1198e-05, 5.91056e-16
9541, 3.11326e-05, 7.41398e-16
9561, 3.10674e-05, 1.17795e-15
9581, 3.10026e-05, 3.39234e-16
9601, 3.0938e-05, 5.0751e-16
9621, 3.08737e-05, 4.20156e-16
9641, 3.08096e-05, 9.80776e-16
9661, 3.07458e-05, 1.06815e-15
9681, 3.06823e-05, 1.01608e-15
9701, 3.0619e-05, 8.03361e-16
9721, 3.0556e-05, 1.13237e-15
9741, 3.04933e-05, 7.5592e-16
9761, 3.04308e-05, 6.68366e-16
9781, 3.03686e-05, 8.57219e-16
9801, 3.03066e-05, 6.28489e-16
9821, 3.02449e-05, 3.97952e-16
9841, 3.01834e-05, 4.61705e-16
9861, 3.01222e-05, 1.31896e-15
9881, 3.00612e-05, 1.01635e-15
9901, 3.00004e-05, 2.11737e-15
9921, 2.994e-05, 7.17555e-16
9941, 2.98797e-05, 1.46909e-15
9961, 2.98197e-05, 5.83906e-16
9981, 2.976e-05, 4.76889e-16
10001, 2.97004e-05, 5.20729e-16
10021, 2.96412e-05, 8.34473e-16
10041, 2.95821e-05, 5.29634e-16
10061, 2.95233e-05, 5.40231e-16
10081, 2.94647e-05, 1.02966e-15
10101, 2.94064e-05, 3.8541e-16
10121, 2.93482e-05, 8.88746e-16
10141, 2.92904e-05, 6.43994e-16
10161, 2.92327e-05, 8.68418e-16
10181, 2.91753e-05, 5.66706e-16
10201, 2.91181e-05, 8.56116e-16
10221, 2.90611e-05, 2.95288e-16
10241, 2.90043e-05, 3.54565e-16
10261, 2.89478e-05, 1.38635e-15
10281, 2.88915e-05, 5.07259e-16
10301, 2.88354e-05, 6.97209e-16
10321, 2.87795e-05, 7.38641e-16
10341, 2.87238e-05, 6.5878e-16
10361, 2.86683e-05, 9.54335e-16
10381, 2.86131e-05, 4.25494e-16
10401, 2.85581e-05, 3.67867e-16
10421, 2.85033e-05, 4.11955e-16
10441, 2.84487e-05, 1.52223e-15
10461, 2.83943e-05, 4.78573e-16
10481, 2.83401e-05, 3.47394e-16
10501, 2.82861e-05, 4.55862e-16
10521, 2.82323e-05, 9.68514e-16
10541, 2.81787e-05, 5.88107e-16
10561, 2.81254e-05, 4.47874e-16
10581, 2.80722e-05, 3.98919e-16
10601, 2.80192e-05, 3.47129e-16
10621, 2.79665e-05, 6.29514e-16
10641, 2.79139e-05, 6.78375e-16
10661, 2.78615e-05, 1.19656e-15
10681, 2.78094e-05, 5.39304e-16
10701, 2.77574e-05, 1.26073e-15
10721, 2.77056e-05, 2.80686e-15
10741, 2.7654e-05, 8.10798e-16
10761, 2.76026e-05, 2.62047e-16
10781, 2.75514e-05, 9.61361e-16
10801, 2.75004e-05, 6.43564e-16
10821, 2.74495e-05, 6.2001e-16
10841, 2.73989e-05, 1.24e-15
10861, 2.73484e-05, 1.00999e-15
10881, 2.72981e-05, 2.63955e-16
10901, 2.7248e-05, 1.809e-15
10921, 2.71981e-05, 5.40643e-16
10941, 2.71484e-05, 1.03326e-15
10961, 2.70989e-05, 1.21852e-15
10981, 2.70495e-05, 1.50357e-15
11001, 2.70003e-05, 9.27613e-16
11021, 2.69513e-05, 1.08878e-15
11041, 2.69025e-05, 4.12973e-16
11061, 2.68539e-05, 5.57019e-16
11081, 2.68054e-05, 8.54133e-16
11101, 2.67571e-05, 5.4141e-16
11121, 2.6709e-05, 8.14698e-16
11141, 2.6661e-05, 1.46677e-15
11161, 2.66132e-05, 9.20132e-16
11181, 2.65656e-05, 4.73208e-16
11201, 2.65182e-05, 7.26814e-16
11221, 2.64709e-05, 7.24136e-16
11241, 2.64238e-05, 1.27375e-15
11261, 2.63769e-05, 4.12804e-16
11281, 2.63301e-05, 3.32002e-16
11301, 2.62835e-05, 5.26324e-16
11321, 2.62371e-05, 9.37465e-16
11341, 2.61908e-05, 4.68049e-16
11361, 2.61447e-05, 1.54544e-15
11381, 2.60987e-05, 4.09544e-16
11401, 2.60529e-05, 9.74211e-16
11421, 2.60073e-05, 4.55446e-16
11441, 2.59618e-05, 3.76519e-16
11461, 2.59165e-05, 1.03469e-15
11481, 2.58714e-05, 7.02551e-16
11501, 2.58264e-05, 3.92867e-16
11521, 2.57815e-05, 3.50446e-16
11541, 2.57369e-05, 6.51084e-16
11561, 2.56923e-05, 8.78842e-16
11581, 2.5648e-05, 4.36377e-16
11601, 2.56037e-05, 8.74417e-16
11621, 2.55597e-05, 1.62658e-15
11641, 2.55157e-05, 6.39568e-16
11661, 2.5472e-05, 6.35993e-16
11681, 2.54284e-05, 1.83879e-15
11701, 2.53849e-05, 5.70264e-16
11721, 2.53416e-05, 4.73384e-16
11741, 2.52984e-05, 6.34906e-16
11761, 2.52554e-05, 6.52904e-16
11781, 2.52125e-05, 1.46508e-15
11801, 2.51698e-05, 8.18019e-16
11821, 2.51272e-05, 1.12836e-15
11841, 2.50847e-05, 4.62223e-16
11861, 2.50424e-05, 6.67631e-16
11881, 2.50003e-05, 5.52082e-16
11901, 2.49583e-05, 5.46606e-16
11921, 2.49164e-05, 1.16179e-15
11941, 2.48746e-05, 1.0899e-15
11961, 2.4833e-05, 6.94611e-16
11981, 2.47916e-05, 6.83622e-16
12001, 2.47503e-05, 8.44994e-16
12021, 2.47091e-05, 6.22514e-16
12041, 2.4668e-05, 1.06913e-15
12061, 2.46271e-05, 5.57618e-16
12081, 2.45863e-05, 1.81549e-15
12101, 2.45457e-05, 4.78141e-16
12121, 2.45052e-05, 1.04486e-15
12141, 2.44648e-05, 1.14814e-15
12161, 2.44246e-05, 3.36589e-16
12181, 2.43845e-05, 1.04171e-15
12201, 2.43445e-05, 9.37072e-16
12221, 2.43047e-05, 5.88926e-16
12241, 2.4265e-05, 5.79686e-16
12261, 2.42254e-05, 5.3989e-16
12281, 2.41859e-05, 7.7072e-16
12301, 2.41466e-05, 3.94941e-16
12321, 2.41074e-05, 1.83522e-15
12341, 2.40683e-05, 8.88196e-16
12361, 2.40294e-05, 5.80271e-16
12381, 2.39905e-05, 7.44056e-16
12401, 2.39518e-05, 3.93397e-16
12421, 2.39133e-05, 1.27372e-15
12441, 2.38748e-05, 6.1514e-16
12461, 2.38365e-05, 5.15324e-16
12481, 2.37983e-05, 1.40695e-15
12501, 2.37602e-05, 7.18765e-16
12521, 2.37223e-05, 3.86494e-16
12541, 2.36844e-05, 8.69592e-16
12561, 2.36467e-05, 4.77804e-16
12581, 2.36091e-05, 8.23986e-16
12601, 2.35717e-05, 6.62649e-16
12621, 2.35343e-05, 1.70847e-15
12641, 2.34971e-05, 1.14864e-15
12661, 2.34599e-05, 4.0653e-16
12681, 2.34229e-05, 9.90284e-16
12701, 2.3386e-05, 4.75558e-16
12721, 2.33493e-05, 6.51871e-16
12741, 2.33126e-05, 1.24332e-15
12761, 2.32761e-05, 2.829e-16
12781, 2.32397e-05, 1.96764e-15
12801, 2.32033e-05, 3.53908e-16
12821, 2.31671e-05, 8.10417e-16
12841, 2.31311e-05, 9.31868e-16
12861, 2.30951e-05, 1.35431e-15
12881, 2.30592e-05, 5.48897e-16
12901, 2.30235e-05, 3.73092e-16
12921, 2.29878e-05, 5.13771e-16
12941, 2.29523e-05, 5.8638e-16
12961, 2.29169e-05, 9.4379e-16
12981, 2.28816e-05, 6.8898e-16
13001, 2.28464e-05, 4.06549e-16
13021, 2.28113e-05, 4.85355e-16
13041, 2.27763e-05, 2.52834e-15
13061, 2.27414e-05, 4.53049e-16
13081, 2.27066e-05, 1.04476e-15
13101, 2.2672e-05, 1.32034e-15
13121, 2.26374e-05, 6.64458e-16
13141, 2.26029e-05, 1.01318e-15
13161, 2.25686e-05, 7.83238e-16
13181, 2.25343e-05, 1.18029e-15
13201, 2.25002e-05, 4.11166e-16
13221, 2.24662e-05, 1.45078e-15
13241, 2.24322e-05, 1.31059e-15
13261, 2.23984e-05, 7.6932e-16
13281, 2.23646e-05, 4.54284e-16
13301, 2.2331e-05, 8.55678e-16
13321, 2.22975e-05, 3.24447e-16
13341, 2.22641e-05, 8.33042e-16
13361, 2.22307e-05, 4.86436e-16
13381, 2.21975e-05, 1.02713e-15
13401, 2.21644e-05, 3.48509e-16
13421, 2.21313e-05, 4.9808e-16
13441, 2.20984e-05, 4.07087e-16
13461, 2.20656e-05, 2.27775e-15
13481, 2.20328e-05, 1.0295e-15
13501, 2.20002e-05, 4.00253e-16
13521, 2.19676e-05, 5.48838e-16
13541, 2.19352e-05, 1.00327e-15
13561, 2.19028e-05, 5.59901e-16
13581, 2.18706e-05, 7.2919e-16
13601, 2.18384e-05, 3.93814e-16
13621, 2.18063e-05, 7.83925e-16
13641, 2.17744e-05, 5.6934e-16
13661, 2.17425e-05, 6.48616e-16
13681, 2.17107e-05, 7.02928e-16
13701, 2.1679e-05, 1.84712e-15
13721, 2.16474e-05, 7.8652e-16
13741, 2.16159e-05, 4.77097e-16
13761, 2.15845e-05, 8.52048e-16
13781, 2.15531e-05, 1.0593e-15
13801, 2.15219e-05, 1.186e-15
13821, 2.14908e-05, 4.34319e-16
13841, 2.14597e-05, 7.00349e-16
13861, 2.14287e-05, 4.8411e-16
13881, 2.13979e-05, 5.69712e-16
13901, 2.13671e-05, 7.29717e-16
13921, 2.13364e-05, 4.45515e-16
13941, 2.13058e-05, 1.10974e-15
13961, 2.12752e-05, 4.58783e-16
13981, 2.12448e-05, 4.90381e-16
14001, 2.12144e-05, 4.69775e-16
14021, 2.11842e-05, 9.42759e-16
14041, 2.1154e-05, 4.18637e-16
14061, 2.11239e-05, 8.15685e-16
14081, 2.10939e-05, 7.07741e-16
14101, 2.1064e-05, 1.45175e-15
14121, 2.10342e-05, 1.14144e-15
14141, 2.10044e-05, 1.05192e-15
14161, 2.09747e-05, 2.9536e-15
14181, 2.09451e-05, 8.84293e-16
14201, 2.09156e-05, 5.28744e-16
14221, 2.08862e-05, 6.57013e-16
14241, 2.08569e-05, 8.80421e-16
14261, 2.08276e-05, 8.05714e-16
14281, 2.07985e-05, 1.26205e-15
14301, 2.07694e-05, 4.52916e-16
14321, 2.07404e-05, 6.11677e-16
14341, 2.07114e-05, 4.62946e-16
14361, 2.06826e-05, 6.71971e-16
14381, 2.06538e-05, 3.76487e-16
14401, 2.06251e-05, 1.68465e-15
14421, 2.05965e-05, 1.0794e-15
14441, 2.0568e-05, 2.37313e-15
14461, 2.05396e-05, 1.67779e-15
14481, 2.05112e-05, 3.02654e-15
14501, 2.04829e-05, 1.939e-15
14521, 2.04547e-05, 5.33643e-16
14541, 2.04266e-05, 5.23401e-16
14561, 2.03985e-05, 5.43949e-16
14581, 2.03705e-05, 2.1652e-15
14601, 2.03426e-05, 1.95745e-15
14621, 2.03148e-05, 1.89269e-15
14641, 2.0287e-05, 1.1144e-15
14661, 2.02593e-05, 5.49512e-16
14681, 2.02317e-05, 6.4598e-16
14701, 2.02042e-05, 5.04326e-16
14721, 2.01768e-05, 1.35153e-15
14741, 2.01494e-05, 1.04074e-15
14761, 2.01221e-05, 1.62306e-15
14781, 2.00949e-05, 1.19378e-15
14801, 2.00677e-05, 1.18412e-15
14821, 2.00406e-05, 1.51366e-15
14841, 2.00136e-05, 6.14479e-16
14861, 1.99867e-05, 6.49642e-16
14881, 1.99598e-05, 1.3513e-15
14901, 1.9933e-05, 2.10422e-15
14921, 1.99063e-05, 8.2582e-16
14941, 1.98796e-05, 1.02091e-15
14961, 1.98531e-05, 8.99738e-16
14981, 1.98266e-05, 5.44419e-16
15001, 1.98001e-05, 9.36958e-16
15021, 1.97738e-05, 4.98409e-16
15041, 1.97475e-05, 5.01099e-16
15061, 1.97212e-05, 5.07847e-16
15081, 1.96951e-05, 6.55936e-16
15101, 1.9669e-05, 3.41658e-16
15121, 1.9643e-05, 1.03041e-15
15141, 1.9617e-05, 2.08592e-15
15161, 1.95912e-05, 1.04176e-15
15181, 1.95653e-05, 4.86967e-16
15201, 1.95396e-05, 5.33924e-16
15221, 1.95139e-05, 7.30259e-16
15241, 1.94883e-05, 1.38539e-15
15261, 1.94628e-05, 7.18766e-16
15281, 1.94373e-05, 1.87779e-15
15301, 1.94119e-05, 1.04817e-15
15321, 1.93865e-05, 7.11723e-16
15341, 1.93613e-05, 1.16241e-15
15361, 1.93361e-05, 8.22055e-16
15381, 1.93109e-05, 1.67745e-15
15401, 1.92858e-05, 1.55489e-15
15421, 1.92608e-05, 6.37921e-16
15441, 1.92359e-05, 5.58618e-16
15461, 1.9211e-05, 1.01858e-15
15481, 1.91862e-05, 8.34292e-16
15501, 1.91614e-05, 3.76411e-16
15521, 1.91367e-05, 5.58189e-16
15541, 1.91121e-05, 6.64403e-16
15561, 1.90875e-05, 8.81782e-16
15581, 1.9063e-05, 6.03232e-16
15601, 1.90386e-05, 1.05767e-15
15621, 1.90142e-05, 1.11601e-15
15641, 1.89899e-05, 1.20902e-15
15661, 1.89656e-05, 5.67122e-16
15681, 1.89414e-05, 7.76951e-16
15701, 1.89173e-05, 1.74052e-15
15721, 1.88932e-05, 7.21836e-16
15741, 1.88692e-05, 6.11238e-16
15761, 1.88453e-05, 7.76057e-16
15781, 1.88214e-05, 3.78067e-16
15801, 1.87976e-05, 1.11011e-15
15821, 1.87738e-05, 2.09636e-15
15841, 1.87501e-05, 6.22746e-16
15861, 1.87265e-05, 8.12463e-16
15881, 1.87029e-05, 1.76211e-15
15901, 1.86793e-05, 5.32924e-16
15921, 1.86559e-05, 1.00002e-15
15941, 1.86325e-05, 6.06512e-16
15961, 1.86091e-05, 1.30032e-15
15981, 1.85858e-05, 4.8697e-16
16001, 1.85626e-05, 1.16701e-15
16021, 1.85394e-05, 5.807e-16
16041, 1.85163e-05, 2.69215e-15
16061, 1.84933e-05, 1.06668e-15
16081, 1.84702e-05, 4.16677e-16
16101, 1.84473e-05, 6.99428e-16
16121, 1.84244e-05, 7.46239e-16
16141, 1.84016e-05, 1.50544e-15
16161, 1.83788e-05, 8.83644e-16
16181, 1.83561e-05, 7.80398e-16
16201, 1.83334e-05, 7.66603e-16
16221, 1.83108e-05, 3.63663e-16
16241, 1.82883e-05, 1.22719e-15
16261, 1.82658e-05, 1.23713e-15
16281, 1.82433e-05, 1.22381e-15
16301, 1.8221e-05, 1.50594e-15
16321, 1.81986e-05, 3.24482e-16
16341, 1.81763e-05, 1.57138e-15
16361, 1.81541e-05, 7.61303e-16
16381, 1.8132e-05, 3.51244e-16
16401, 1.81098e-05, 7.09472e-16
16421, 1.80878e-05, 3.23382e-16
16441, 1.80658e-05, 5.85209e-16
16461, 1.80438e-05, 6.3579e-16
16481, 1.80219e-05, 1.77693e-15
16501, 1.80001e-05, 1.06115e-15
16521, 1.79783e-05, 6.49628e-16
16541, 1.79566e-05, 7.0359e-16
16561, 1.79349e-05, 8.44659e-16
16581, 1.79132e-05, 8.11636e-16
16601, 1.78917e-05, 5.54642e-16
16621, 1.78701e-05, 1.5653e-15
16641, 1.78486e-05, 1.46672e-15
16661, 1.78272e-05, 6.50663e-16
16681, 1.78058e-05, 1.0876e-15
16701, 1.77845e-05, 1.10243e-15
16721, 1.77632e-05, 6.73135e-16
16741, 1.7742e-05, 7.2725e-16
16761, 1.77208e-05, 9.91163e-16
16781, 1.76997e-05, 4.37979e-16
16801, 1.76787e-05, 1.45661e-15
16821, 1.76576e-05, 5.32971e-16
16841, 1.76367e-05, 1.15263e-15
16861, 1.76157e-05, 7.30509e-16
16881, 1.75949e-05, 8.17763e-16
16901, 1.7574e-05, 1.48481e-15
16921, 1.75533e-05, 1.11107e-15
16941, 1.75325e-05, 5.22798e-16
16961, 1.75119e-05, 1.70333e-15
16981, 1.74912e-05, 6.66956e-16
17001, 1.74707e-05, 8.37985e-16
17021, 1.74501e-05, 5.83676e-16
17041, 1.74297e-05, 7.48182e-16
17061, 1.74092e-05, 7.97869e-16
17081, 1.73888e-05, 1.27686e-15
17101, 1.73685e-05, 4.83136e-16
17121, 1.73482e-05, 8.51281e-16
17141, 1.7328e-05, 3.95601e-16
17161, 1.73078e-05, 5.61769e-16
17181, 1.72876e-05, 1.48093e-15
17201, 1.72675e-05, 9.40033e-16
17221, 1.72475e-05, 2.12482e-15
17241, 1.72275e-05, 1.49575e-15
17261, 1.72075e-05, 9.13802e-16
17281, 1.71876e-05, 5.14052e-16
17301, 1.71677e-05, 1.74446e-15
17321, 1.71479e-05, 1.39108e-15
17341, 1.71281e-05, 4.5703e-16
17361, 1.71084e-05, 5.93927e-16
17381, 1.70887e-05, 5.836e-16
17401, 1.7069e-05, 8.44104e-16
17421, 1.70494e-05, 1.1877e-15
17441, 1.70299e-05, 2.67319e-15
17461, 1.70104e-05, 6.97264e-16
17481, 1.69909e-05, 1.03764e-15
17501, 1.69715e-05, 3.69455e-16
17521, 1.69521e-05, 1.33791e-15
17541, 1.69328e-05, 1.97494e-15
17561, 1.69135e-05, 3.78663e-16
17581, 1.68943e-05, 8.65037e-16
17601, 1.68751e-05, 8.00276e-16
17621, 1.68559e-05, 1.0216e-15
17641, 1.68368e-05, 3.56812e-16
17661, 1.68177e-05, 9.62739e-16
17681, 1.67987e-05, 1.67449e-15
17701, 1.67797e-05, 5.67162e-16
17721, 1.67608e-05, 1.59716e-15
17741, 1.67419e-05, 1.80436e-15
17761, 1.6723e-05, 6.65062e-16
17781, 1.67042e-05, 5.92298e-16
17801, 1.66855e-05, 2.45897e-15
17821, 1.66667e-05, 2.00332e-15
17841, 1.6648e-05, 1.0841e-15
17861, 1.66294e-05, 1.57517e-15
17881, 1.66108e-05, 7.06995e-16
17901, 1.65922e-05, 1.45782e-15
17921, 1.65737e-05, 1.6134e-15
17941, 1.65552e-05, 8.39648e-16
17961, 1.65368e-05, 9.26912e-16
17981, 1.65184e-05, 3.97767e-16
18001, 1.65001e-05, 1.95355e-15
18021, 1.64817e-05, 1.48927e-15
18041, 1.64635e-05, 6.43246e-16
18061, 1.64452e-05, 5.97088e-16
18081, 1.64271e-05, 5.99897e-16
18101, 1.64089e-05, 6.40155e-16
18121, 1.63908e-05, 7.32002e-16
18141, 1.63727e-05, 1.99303e-15
18161, 1.63547e-05, 9.11461e-16
18181, 1.63367e-05, 9.83422e-16
18201, 1.63187e-05, 1.3485e-15
18221, 1.63008e-05, 7.23318e-16
18241, 1.6283e-05, 5.88272e-16
18261, 1.62651e-05, 1.33725e-15
18281, 1.62473e-05, 1.57655e-15
18301, 1.62296e-05, 1.3014e-15
18321, 1.62118e-05, 7.19245e-16
18341, 1.61942e-05, 7.78473e-16
18361, 1.61765e-05, 3.06155e-15
18381, 1.61589e-05, 1.5688e-15
18401, 1.61414e-05, 1.21121e-15
18421, 1.61238e-05, 1.38689e-15
18441, 1.61063e-05, 2.00941e-15
18461, 1.60889e-05, 1.15832e-15
18481, 1.60715e-05, 6.12125e-16
18501, 1.60541e-05, 1.74986e-15
18521, 1.60368e-05, 1.66688e-15
18541, 1.60195e-05, 6.82945e-16
18561, 1.60022e-05, 1.06123e-15
18581, 1.5985e-05, 1.32119e-15
18601, 1.59678e-05, 1.26822e-15
18621, 1.59506e-05, 5.417e-16
18641, 1.59335e-05, 1.46329e-15
18661, 1.59165e-05, 6.18208e-16
18681, 1.58994e-05, 5.10944e-16
18701, 1.58824e-05, 3.84301e-16
18721, 1.58654e-05, 1.23552e-15
18741, 1.58485e-05, 1.51426e-15
18761, 1.58316e-05, 1.96069e-15
18781, 1.58147e-05, 1.17704e-15
18801, 1.57979e-05, 1.08863e-15
18821, 1.57811e-05, 1.34015e-15
18841, 1.57644e-05, 1.04909e-15
18861, 1.57477e-05, 8.91381e-16
18881, 1.5731e-05, 6.05541e-16
18901, 1.57143e-05, 9.7562e-16
18921, 1.56977e-05, 1.23503e-15
18941, 1.56811e-05, 9.02061e-16
18961, 1.56646e-05, 2.01873e-15
18981, 1.56481e-05, 8.83182e-16
19001, 1.56316e-05, 1.14008e-15
19021, 1.56152e-05, 1.24324e-15
19041, 1.55988e-05, 2.1045e-15
19061, 1.55824e-05, 5.2696e-16
19081, 1.55661e-05, 7.34046e-16
19101, 1.55498e-05, 8.22856e-16
19121, 1.55335e-05, 1.11998e-15
19141, 1.55173e-05, 9.69298e-16
19161, 1.55011e-05, 5.44588e-16
19181, 1.54849e-05, 9.99745e-16
19201, 1.54688e-05, 7.7082e-16
19221, 1.54527e-05, 5.26095e-16
19241, 1.54366e-05, 7.89213e-16
19261, 1.54206e-05, 2.05512e-15
19281, 1.54046e-05, 7.76134e-16
19301, 1.53886e-05, 1.60435e-15
19321, 1.53727e-05, 1.87368e-15
19341, 1.53568e-05, 1.34343e-15
19361, 1.5341e-05, 1.43953e-15
19381, 1.53251e-05, 8.52764e-16
19401, 1.53093e-05, 1.38124e-15
19421, 1.52936e-05, 3.0638e-15
19441, 1.52778e-05, 7.92775e-16
19461, 1.52621e-05, 7.76155e-16
19481, 1.52464e-05, 7.1768e-16
19501, 1.52308e-05, 6.64316e-16
19521, 1.52152e-05, 1.1233e-15
19541, 1.51996e-05, 4.72184e-16
19561, 1.51841e-05, 1.11697e-15
19581, 1.51686e-05, 2.36109e-15
19601, 1.51531e-05, 5.94603e-16
19621, 1.51377e-05, 1.245e-15
19641, 1.51222e-05, 1.57615e-15
19661, 1.51069e-05, 9.65286e-16
19681, 1.50915e-05, 9.00964e-16
19701, 1.50762e-05, 5.44117e-16
19721, 1.50609e-05, 3.75093e-15
19741, 1.50456e-05, 5.77537e-16
19761, 1.50304e-05, 6.73143e-16
19781, 1.50152e-05, 1.15237e-15
19801, 1.5e-05, 3.20914e-15
19821, 1.49849e-05, 8.66345e-16
19841, 1.49698e-05, 1.33192e-15
19861, 1.49547e-05, 1.81308e-15
19881, 1.49397e-05, 5.48413e-16
19901, 1.49247e-05, 3.82824e-16
19921, 1.49097e-05, 1.03587e-15
19941, 1.48947e-05, 9.37599e-16
19961, 1.48798e-05, 1.09218e-15
19981, 1.48649e-05, 5.23273e-16
20001, 1.485e-05, 2.03689e-15
