0, 0.1, 0
0.0025, 0.0998839, -0.0463977
0.005, 0.0996517, -0.0927347
0.0075, 0.0993039, -0.138957
0.01, 0.0988408, -0.185011
0.0125, 0.098263, -0.230844
0.015, 0.0975711, -0.276401
0.0175, 0.096766, -0.321631
0.02, 0.0958487, -0.36648
0.0225, 0.0948201, -0.410897
0.025, 0.0936816, -0.454831
0.0275, 0.0924345, -0.498229
0.03, 0.0910802, -0.541043
0.0325, 0.0896203, -0.583222
0.035, 0.0880566, -0.624717
0.0375, 0.0863908, -0.665481
0.04, 0.0846249, -0.705465
0.0425, 0.082761, -0.744624
0.045, 0.0808013, -0.782913
0.0475, 0.078748, -0.820287
0.05, 0.0766036, -0.856702
0.0525, 0.0743705, -0.892117
0.055, 0.0720514, -0.926491
0.0575, 0.0696489, -0.959784
0.06, 0.0671659, -0.991957
0.0625, 0.0646053, -1.02297
0.065, 0.06197, -1.0528
0.0675, 0.0592632, -1.08139
0.07, 0.0564879, -1.10873
0.0725, 0.0536474, -1.13477
0.075, 0.050745, -1.1595
0.0775, 0.0477841, -1.18287
0.08, 0.0447682, -1.20486
0.0825, 0.0417007, -1.22546
0.085, 0.0385853, -1.24462
0.0875, 0.0354255, -1.26234
0.09, 0.032225, -1.27859
0.0925, 0.0289876, -1.29335
0.095, 0.025717, -1.30661
0.0975, 0.022417, -1.31835
0.1, 0.0190915, -1.32855
0.1025, 0.0157442, -1.33721
0.105, 0.0123792, -1.34432
0.1075, 0.00900036, -1.34986
0.11, 0.00561153, -1.35384
0.1125, 0.00221668, -1.35624
0.115, -0.00118024, -1.35707
0.1175, -0.00457528, -1.35632
0.12, -0.0079645, -1.354
0.1225, -0.011344, -1.3501
0.125, -0.0147098, -1.34464
0.1275, -0.018058, -1.33761
0.13, -0.0213847, -1.32903
0.1325, -0.0246861, -1.31891
0.135, -0.0279584, -1.30726
0.1375, -0.0311977, -1.2941
0.14, -0.0344003, -1.27943
0.1425, -0.0375624, -1.26328
0.145, -0.0406805, -1.24566
0.1475, -0.0437508, -1.22661
0.15, -0.0467699, -1.20612
0.1525, -0.0497342, -1.18424
0.155, -0.0526403, -1.16099
0.1575, -0.0554849, -1.1364
0.16, -0.0582646, -1.11048
0.1625, -0.0609762, -1.08329
0.165, -0.0636165, -1.05483
0.1675, -0.0661826, -1.02516
0.17, -0.0686715, -0.994301
0.1725, -0.0710802, -0.962291
0.175, -0.0734061, -0.929169
0.1775, -0.0756463, -0.894972
0.18, -0.0777983, -0.859741
0.1825, -0.0798597, -0.823517
0.185, -0.081828, -0.786341
0.1875, -0.083701, -0.748258
0.19, -0.0854765, -0.709312
0.1925, -0.0871525, -0.669547
0.195, -0.088727, -0.629011
0.1975, -0.0901982, -0.587751
0.2, -0.0915644, -0.545813
0.2025, -0.0928241, -0.503249
0.205, -0.0939758, -0.460106
0.2075, -0.0950182, -0.416435
0.21, -0.0959501, -0.372286
0.2125, -0.0967704, -0.327713
0.215, -0.0974782, -0.282765
0.2175, -0.0980727, -0.237495
0.22, -0.0985532, -0.191956
0.2225, -0.0989191, -0.146201
0.225, -0.0991701, -0.100283
0.2275, -0.099306, -0.0542558
0.23, -0.0993264, -0.00817204
0.2325, -0.0992315, 0.0379144
0.235, -0.0990214, 0.0839499
0.2375, -0.0986963, 0.129881
0.24, -0.0982566, 0.175655
0.2425, -0.0977028, 0.221217
0.245, -0.0970357, 0.266516
0.2475, -0.096256, 0.311499
0.25, -0.0953646, 0.356114
0.2525, -0.0943626, 0.400308
0.255, -0.0932511, 0.44403
0.2575, -0.0920315, 0.487231
0.26, -0.0907052, 0.529859
0.2625, -0.0892737, 0.571865
0.265, -0.0877388, 0.613202
0.2675, -0.0861022, 0.653819
0.27, -0.0843659, 0.693672
0.2725, -0.0825318, 0.732713
0.275, -0.0806022, 0.770897
0.2775, -0.0785792, 0.80818
0.28, -0.0764652, 0.844519
0.2825, -0.0742628, 0.879871
0.285, -0.0719745, 0.914197
0.2875, -0.0696029, 0.947456
0.29, -0.0671508, 0.979609
0.2925, -0.0646211, 1.01062
0.295, -0.0620167, 1.04045
0.2975, -0.0593407, 1.06907
0.3, -0.0565961, 1.09645
0.3025, -0.0537862, 1.12254
0.305, -0.0509143, 1.14733
0.3075, -0.0479837, 1.17078
0.31, -0.0449978, 1.19287
0.3125, -0.04196, 1.21358
0.315, -0.038874, 1.23286
0.3175, -0.0357433, 1.25072
0.32, -0.0325716, 1.26712
0.3225, -0.0293625, 1.28204
0.325, -0.0261197, 1.29547
0.3275, -0.0228471, 1.3074
0.33, -0.0195485, 1.31781
0.3325, -0.0162276, 1.32668
0.335, -0.0128884, 1.33401
0.3375, -0.00953477, 1.33979
0.34, -0.00617052, 1.34402
0.3425, -0.0027996, 1.34668
0.345, 0.000574075, 1.34778
0.3475, 0.00394658, 1.34732
0.35, 0.007314, 1.34528
0.3525, 0.0106724, 1.34169
0.355, 0.014018, 1.33654
0.3575, 0.0173467, 1.32984
0.36, 0.0206548, 1.32159
0.3625, 0.0239385, 1.31181
0.365, 0.0271938, 1.30051
0.3675, 0.0304171, 1.2877
0.37, 0.0336045, 1.2734
0.3725, 0.0367525, 1.25762
0.375, 0.0398573, 1.24038
0.3775, 0.0429154, 1.2217
0.38, 0.0459232, 1.20161
0.3825, 0.0488772, 1.18012
0.385, 0.051774, 1.15727
0.3875, 0.0546102, 1.13307
0.39, 0.0573826, 1.10757
0.3925, 0.0600879, 1.08078
0.395, 0.062723, 1.05274
0.3975, 0.0652849, 1.02348
0.4, 0.0677706, 0.993038
0.4025, 0.0701773, 0.961446
0.405, 0.072502, 0.928743
0.4075, 0.0747422, 0.894966
0.41, 0.0768953, 0.860154
0.4125, 0.0789588, 0.824349
0.415, 0.0809302, 0.787591
0.4175, 0.0828074, 0.749925
0.42, 0.0845881, 0.711393
0.4225, 0.0862703, 0.67204
0.425, 0.087852, 0.631913
0.4275, 0.0893315, 0.591058
0.43, 0.0907071, 0.549522
0.4325, 0.091977, 0.507355
0.435, 0.09314, 0.464604
0.4375, 0.0941946, 0.42132
0.44, 0.0951397, 0.377553
0.4425, 0.0959741, 0.333355
0.445, 0.0966969, 0.288775
0.4475, 0.0973074, 0.243867
0.45, 0.0978047, 0.198683
0.4525, 0.0981884, 0.153274
0.455, 0.0984579, 0.107694
0.4575, 0.0986131, 0.061996
0.46, 0.0986538, 0.0162325
0.4625, 0.0985798, -0.029543
0.465, 0.0983914, -0.0752774
0.4675, 0.0980887, -0.120918
0.47, 0.0976722, -0.166411
0.4725, 0.0971422, -0.211703
0.475, 0.0964996, -0.256744
0.4775, 0.0957449, -0.301479
0.48, 0.0948792, -0.345858
0.4825, 0.0939034, -0.389828
0.485, 0.0928187, -0.43334
0.4875, 0.0916264, -0.476341
0.49, 0.0903278, -0.518783
0.4925, 0.0889245, -0.560616
0.495, 0.0874181, -0.601792
0.4975, 0.0858105, -0.642262
0.5, 0.0841034, -0.681981
0.5025, 0.0822989, -0.720902
0.505, 0.0803991, -0.75898
0.5075, 0.0784061, -0.79617
0.51, 0.0763225, -0.832431
0.5125, 0.0741504, -0.867719
0.515, 0.0718926, -0.901994
0.5175, 0.0695517, -0.935217
0.52, 0.0671303, -0.967348
0.5225, 0.0646313, -0.998352
0.525, 0.0620576, -1.02819
0.5275, 0.0594122, -1.05683
0.53, 0.0566982, -1.08424
0.5325, 0.0539188, -1.11039
0.535, 0.0510771, -1.13524
0.5375, 0.0481766, -1.15877
0.54, 0.0452205, -1.18095
0.5425, 0.0422124, -1.20176
0.545, 0.0391556, -1.22116
0.5475, 0.0360539, -1.23915
0.55, 0.0329107, -1.25569
0.5525, 0.0297298, -1.27078
0.555, 0.0265148, -1.28438
0.5575, 0.0232696, -1.29649
0.56, 0.0199977, -1.3071
0.5625, 0.0167032, -1.31618
0.565, 0.0133897, -1.32374
0.5675, 0.0100611, -1.32975
0.57, 0.00672141, -1.33422
0.5725, 0.00337437, -1.33714
0.575, 2.39084e-05, -1.33851
0.5775, -0.00332608, -1.33832
0.58, -0.00667171, -1.33658
0.5825, -0.0100091, -1.33329
0.585, -0.0133344, -1.32844
0.5875, -0.0166437, -1.32206
0.59, -0.0199331, -1.31414
0.5925, -0.0231989, -1.3047
0.595, -0.0264373, -1.29374
0.5975, -0.0296446, -1.28128
0.6, -0.0328169, -1.26734
0.6025, -0.0359506, -1.25192
0.605, -0.0390421, -1.23506
0.6075, -0.0420878, -1.21676
0.61, -0.0450842, -1.19705
0.6125, -0.0480277, -1.17595
0.615, -0.0509151, -1.1535
0.6175, -0.0537429, -1.1297
0.62, -0.0565078, -1.1046
0.6225, -0.0592067, -1.07822
0.625, -0.0618365, -1.05059
0.6275, -0.064394, -1.02174
0.63, -0.0668764, -0.99171
0.6325, -0.0692807, -0.960534
0.635, -0.0716043, -0.928246
0.6375, -0.0738443, -0.894886
0.64, -0.0759982, -0.860491
0.6425, -0.0780635, -0.825102
0.645, -0.0800379, -0.788759
0.6475, -0.081919, -0.751507
0.65, -0.0837047, -0.713386
0.6525, -0.0853929, -0.674443
0.655, -0.0869817, -0.634723
0.6575, -0.0884693, -0.594271
0.66, -0.0898538, -0.553135
0.6625, -0.0911338, -0.511363
0.665, -0.0923078, -0.469003
0.6675, -0.0933744, -0.426105
0.67, -0.0943324, -0.382718
0.6725, -0.0951807, -0.338893
0.675, -0.0959183, -0.294681
0.6775, -0.0965444, -0.250133
0.68, -0.0970583, -0.205302
0.6825, -0.0974594, -0.160238
0.685, -0.0977473, -0.114996
0.6875, -0.0979215, -0.069626
0.69, -0.0979821, -0.0241823
0.6925, -0.0979288, 0.0212827
0.695, -0.0977618, 0.0667163
0.6975, -0.0974813, 0.112066
0.7, -0.0970876, 0.157278
0.7025, -0.0965812, 0.202301
0.705, -0.0959627, 0.247083
0.7075, -0.0952329, 0.29157
0.71, -0.0943926, 0.335713
0.7125, -0.0934427, 0.379459
0.715, -0.0923845, 0.422758
0.7175, -0.0912192, 0.46556
0.72, -0.089948, 0.507814
0.7225, -0.0885726, 0.549473
0.725, -0.0870946, 0.590487
0.7275, -0.0855156, 0.630809
0.73, -0.0838375, 0.670393
0.7325, -0.0820623, 0.709192
0.735, -0.0801921, 0.747162
0.7375, -0.078229, 0.784258
0.74, -0.0761753, 0.820438
0.7425, -0.0740335, 0.85566
0.745, -0.071806, 0.889882
0.7475, -0.0694954, 0.923067
0.75, -0.0671045, 0.955174
0.7525, -0.064636, 0.986167
0.755, -0.0620928, 1.01601
0.7575, -0.0594779, 1.04467
0.76, -0.0567942, 1.07211
0.7625, -0.054045, 1.0983
0.765, -0.0512335, 1.12322
0.7675, -0.0483629, 1.14682
0.77, -0.0454365, 1.16909
0.7725, -0.0424578, 1.19
0.775, -0.0394302, 1.20952
0.7775, -0.0363573, 1.22763
0.78, -0.0332426, 1.24432
0.7825, -0.0300897, 1.25956
0.785, -0.0269024, 1.27333
0.7875, -0.0236843, 1.28563
0.79, -0.0204392, 1.29643
0.7925, -0.0171708, 1.30572
0.795, -0.013883, 1.31349
0.7975, -0.0105795, 1.31974
0.8, -0.00726427, 1.32445
0.8025, -0.00394107, 1.32762
0.805, -0.000613777, 1.32925
0.8075, 0.00271373, 1.32934
0.81, 0.0060376, 1.32788
0.8125, 0.00935395, 1.32489
0.815, 0.012659, 1.32035
0.8175, 0.0159488, 1.31428
0.82, 0.0192196, 1.30668
0.8225, 0.0224676, 1.29757
0.825, 0.025689, 1.28696
0.8275, 0.0288801, 1.27485
0.83, 0.0320372, 1.26126
0.8325, 0.0351566, 1.24621
0.835, 0.0382347, 1.22971
0.8375, 0.0412679, 1.21179
0.84, 0.0442528, 1.19246
0.8425, 0.0471858, 1.17175
0.845, 0.0500637, 1.14968
0.8475, 0.0528829, 1.12628
0.85, 0.0556403, 1.10158
0.8525, 0.0583326, 1.0756
0.855, 0.0609569, 1.04837
0.8575, 0.0635099, 1.01994
0.86, 0.0659888, 0.990318
0.8625, 0.0683907, 0.959554
0.865, 0.0707128, 0.92768
0.8675, 0.0729524, 0.894733
0.87, 0.075107, 0.860752
0.8725, 0.077174, 0.825776
0.875, 0.0791511, 0.789846
0.8775, 0.0810359, 0.753005
0.88, 0.0828264, 0.715294
0.8825, 0.0845204, 0.676758
0.885, 0.086116, 0.637442
0.8875, 0.0876114, 0.597392
0.89, 0.0890047, 0.556653
0.8925, 0.0902945, 0.515275
0.895, 0.0914793, 0.473304
0.8975, 0.0925576, 0.430789
0.9, 0.0935283, 0.38778
0.9025, 0.0943902, 0.344328
0.905, 0.0951423, 0.300482
0.9075, 0.0957838, 0.256293
0.91, 0.096314, 0.211814
0.9125, 0.0967323, 0.167095
0.915, 0.0970382, 0.122188
0.9175, 0.0972313, 0.0771468
0.92, 0.0973114, 0.0320222
0.9225, 0.0972785, -0.0131328
0.925, 0.0971327, -0.0582659
0.9275, 0.0968741, -0.103325
0.93, 0.096503, -0.148257
0.9325, 0.0960198, -0.19301
0.935, 0.0954253, -0.237532
0.9375, 0.0947199, -0.281772
0.94, 0.0939047, -0.325678
0.9425, 0.0929806, -0.369199
0.945, 0.0919486, -0.412285
0.9475, 0.0908099, -0.454886
0.95, 0.089566, -0.496952
0.9525, 0.0882182, -0.538435
0.955, 0.0867682, -0.579287
0.9575, 0.0852176, -0.619459
0.96, 0.0835683, -0.658906
0.9625, 0.0818222, -0.697582
0.965, 0.0799812, -0.735442
0.9675, 0.0780477, -0.772442
0.97, 0.0760238, -0.80854
0.9725, 0.073912, -0.843693
0.975, 0.0717146, -0.877862
0.9775, 0.0694342, -0.911005
0.98, 0.0670736, -0.943086
0.9825, 0.0646353, -0.974066
0.985, 0.0621224, -1.00391
0.9875, 0.0595377, -1.03259
0.99, 0.0568843, -1.06006
0.9925, 0.0541651, -1.08629
0.995, 0.0513835, -1.11126
0.9975, 0.0485426, -1.13494
1, 0.0456458, -1.15729
1.0025, 0.0426963, -1.1783
1.005, 0.0396978, -1.19793
1.0075, 0.0366535, -1.21617
1.01, 0.0335672, -1.233
1.0125, 0.0304423, -1.24839
1.015, 0.0272825, -1.26233
1.0175, 0.0240915, -1.2748
1.02, 0.020873, -1.28579
1.0225, 0.0176307, -1.29528
1.025, 0.0143685, -1.30327
1.0275, 0.01109, -1.30975
1.03, 0.00779917, -1.3147
1.0325, 0.00449975, -1.31812
1.035, 0.00119559, -1.32001
1.0375, -0.00210947, -1.32037
1.04, -0.00541158, -1.3192
1.0425, -0.00870692, -1.31649
1.045, -0.0119917, -1.31225
1.0475, -0.015262, -1.3065
1.05, -0.0185141, -1.29922
1.0525, -0.0217442, -1.29044
1.055, -0.0249486, -1.28016
1.0575, -0.0281236, -1.26839
1.06, -0.0312654, -1.25515
1.0625, -0.0343704, -1.24046
1.065, -0.0374351, -1.22433
1.0675, -0.0404558, -1.20678
1.07, -0.0434291, -1.18783
1.0725, -0.0463515, -1.1675
1.075, -0.0492196, -1.14582
1.0775, -0.0520302, -1.12282
1.08, -0.0547799, -1.09851
1.0825, -0.0574656, -1.07293
1.085, -0.0600841, -1.04611
1.0875, -0.0626325, -1.01807
1.09, -0.0651077, -0.988863
1.0925, -0.067507, -0.958508
1.095, -0.0698275, -0.927044
1.0975, -0.0720666, -0.894508
1.1, -0.0742216, -0.860938
1.1025, -0.0762901, -0.826373
1.105, -0.0782697, -0.790853
1.1075, -0.0801582, -0.754421
1.11, -0.0819532, -0.717117
1.1125, -0.0836528, -0.678986
1.115, -0.085255, -0.640072
1.1175, -0.0867579, -0.600421
1.12, -0.0881598, -0.560078
1.1225, -0.0894592, -0.519091
1.125, -0.0906545, -0.477507
1.1275, -0.0917442, -0.435374
1.13, -0.0927273, -0.392742
1.1325, -0.0936026, -0.349661
1.135, -0.094369, -0.306179
1.1375, -0.0950257, -0.262349
1.14, -0.0955719, -0.21822
1.1425, -0.0960071, -0.173844
1.145, -0.0963307, -0.129274
1.1475, -0.0965423, -0.0845591
1.15, -0.0966418, -0.0397531
1.1525, -0.0966291, 0.00509236
1.155, -0.0965041, 0.0499253
1.1575, -0.0962671, 0.0946936
1.16, -0.0959183, 0.139345
1.1625, -0.0954581, 0.183828
1.165, -0.0948872, 0.228092
1.1675, -0.0942061, 0.272083
1.17, -0.0934158, 0.315752
1.1725, -0.092517, 0.359048
1.175, -0.091511, 0.401921
1.1775, -0.0903988, 0.44432
1.18, -0.0891818, 0.486197
1.1825, -0.0878613, 0.527503
1.185, -0.0864391, 0.56819
1.1875, -0.0849167, 0.608212
1.19, -0.0832958, 0.647521
1.1925, -0.0815785, 0.686072
1.195, -0.0797667, 0.723821
1.1975, -0.0778625, 0.760723
1.2, -0.0758682, 0.796737
1.2025, -0.073786, 0.83182
1.205, -0.0716185, 0.865931
1.2075, -0.0693681, 0.899032
1.21, -0.0670375, 0.931084
1.2125, -0.0646293, 0.962049
1.215, -0.0621465, 0.991893
1.2175, -0.0595919, 1.02058
1.22, -0.0569684, 1.04808
1.2225, -0.0542791, 1.07435
1.225, -0.0515273, 1.09938
1.2275, -0.0487159, 1.12312
1.23, -0.0458485, 1.14556
1.2325, -0.0429281, 1.16666
1.235, -0.0399584, 1.18641
1.2375, -0.0369427, 1.20477
1.24, -0.0338846, 1.22173
1.2425, -0.0307875, 1.23727
1.245, -0.0276552, 1.25137
1.2475, -0.0244912, 1.26402
1.25, -0.0212992, 1.27519
1.2525, -0.018083, 1.28489
1.255, -0.0148462, 1.29309
1.2575, -0.0115927, 1.29978
1.26, -0.00832617, 1.30497
1.2625, -0.00505048, 1.30864
1.265, -0.00176941, 1.31079
1.2675, 0.00151322, 1.31141
1.27, 0.00479361, 1.31052
1.2725, 0.00806795, 1.3081
1.275, 0.0113324, 1.30416
1.2775, 0.0145833, 1.29871
1.28, 0.0178167, 1.29175
1.2825, 0.0210289, 1.28329
1.285, 0.0242163, 1.27334
1.2875, 0.027375, 1.26192
1.29, 0.0305015, 1.24903
1.2925, 0.0335921, 1.23469
1.295, 0.0366432, 1.21892
1.2975, 0.0396513, 1.20174
1.3, 0.0426129, 1.18317
1.3025, 0.0455246, 1.16322
1.305, 0.048383, 1.14192
1.3075, 0.0511848, 1.11931
1.31, 0.0539267, 1.09539
1.3125, 0.0566055, 1.07021
1.315, 0.0592183, 1.04378
1.3175, 0.0617618, 1.01615
1.32, 0.0642333, 0.987347
1.3225, 0.0666298, 0.957397
1.325, 0.0689485, 0.92634
1.3275, 0.0711868, 0.894212
1.33, 0.0733422, 0.861051
1.3325, 0.075412, 0.826894
1.335, 0.0773939, 0.791781
1.3375, 0.0792857, 0.755755
1.34, 0.081085, 0.718856
1.3425, 0.08279, 0.681128
1.345, 0.0843985, 0.642614
1.3475, 0.0859088, 0.603359
1.35, 0.0873191, 0.56341
1.3525, 0.0886278, 0.522812
1.355, 0.0898333, 0.481613
1.3575, 0.0909344, 0.439861
1.36, 0.0919296, 0.397604
1.3625, 0.0928179, 0.354892
1.365, 0.0935984, 0.311774
1.3675, 0.0942699, 0.2683
1.37, 0.094832, 0.224521
1.3725, 0.0952837, 0.180488
1.375, 0.0956248, 0.136252
1.3775, 0.0958547, 0.0918639
1.38, 0.0959733, 0.0473759
1.3825, 0.0959804, 0.00283942
1.385, 0.0958761, -0.0416937
1.3875, 0.0956604, -0.0861719
1.39, 0.0953336, -0.130543
1.3925, 0.0948962, -0.174757
1.395, 0.0943486, -0.21876
1.3975, 0.0936915, -0.262503
1.4, 0.0929257, -0.305935
1.4025, 0.0920521, -0.349005
1.405, 0.0910717, -0.391663
1.4075, 0.0899857, -0.43386
1.41, 0.0887954, -0.475547
1.4125, 0.0875021, -0.516676
1.415, 0.0861073, -0.557198
1.4175, 0.0846128, -0.597067
1.42, 0.0830202, -0.636237
1.4225, 0.0813314, -0.674662
1.425, 0.0795485, -0.712298
1.4275, 0.0776734, -0.749101
1.43, 0.0757083, -0.785028
1.4325, 0.0736557, -0.820038
1.435, 0.0715178, -0.854091
1.4375, 0.0692971, -0.887147
1.44, 0.0669963, -0.919168
1.4425, 0.0646181, -0.950116
1.445, 0.0621651, -0.979956
1.4475, 0.0596403, -1.00865
1.45, 0.0570467, -1.03618
1.4525, 0.0543871, -1.06249
1.455, 0.0516648, -1.08757
1.4575, 0.0488829, -1.11138
1.46, 0.0460446, -1.13389
1.4625, 0.0431533, -1.15509
1.465, 0.0402122, -1.17494
1.4675, 0.037225, -1.19342
1.47, 0.0341949, -1.21052
1.4725, 0.0311255, -1.2262
1.475, 0.0280205, -1.24046
1.4775, 0.0248834, -1.25328
1.48, 0.0217178, -1.26464
1.4825, 0.0185275, -1.27453
1.485, 0.0153162, -1.28293
1.4875, 0.0120875, -1.28985
1.49, 0.00884533, -1.29527
1.4925, 0.00559332, -1.29918
1.495, 0.0023353, -1.30158
1.4975, -0.000924944, -1.30247
1.5, -0.00418363, -1.30185
1.5025, -0.00743698, -1.29971
1.505, -0.0106812, -1.29607
1.5075, -0.0139126, -1.29092
1.51, -0.0171273, -1.28427
1.5125, -0.0203216, -1.27614
1.515, -0.0234918, -1.26652
1.5175, -0.0266343, -1.25543
1.52, -0.0297455, -1.24289
1.5225, -0.0328216, -1.2289
1.525, -0.0358591, -1.21349
1.5275, -0.0388545, -1.19667
1.53, -0.0418044, -1.17847
1.5325, -0.0447052, -1.1589
1.535, -0.0475537, -1.13798
1.5375, -0.0503466, -1.11575
1.54, -0.0530806, -1.09222
1.5425, -0.0557525, -1.06743
1.545, -0.0583593, -1.04141
1.5475, -0.0608979, -1.01417
1.55, -0.0633654, -0.985769
1.5525, -0.0657589, -0.956223
1.555, -0.0680757, -0.92557
1.5575, -0.0703132, -0.893847
1.56, -0.0724686, -0.861091
1.5625, -0.0745395, -0.827339
1.565, -0.0765236, -0.792631
1.5675, -0.0784185, -0.757009
1.57, -0.080222, -0.720512
1.5725, -0.0819321, -0.683184
1.575, -0.0835468, -0.645068
1.5775, -0.0850642, -0.606208
1.58, -0.0864826, -0.56665
1.5825, -0.0878003, -0.52644
1.585, -0.0890159, -0.485625
1.5875, -0.0901279, -0.444251
1.59, -0.0911351, -0.402368
1.5925, -0.0920363, -0.360023
1.595, -0.0928305, -0.317267
1.5975, -0.0935167, -0.274149
1.6, -0.0940942, -0.230719
1.6025, -0.0945624, -0.187027
1.605, -0.0949206, -0.143124
1.6075, -0.0951686, -0.0990621
1.61, -0.095306, -0.0548913
1.6125, -0.0953327, -0.0106633
1.615, -0.0952486, 0.0335704
1.6175, -0.095054, 0.0777586
1.62, -0.094749, 0.12185
1.6225, -0.094334, 0.165793
1.625, -0.0938095, 0.209537
1.6275, -0.0931761, 0.253032
1.63, -0.0924346, 0.296226
1.6325, -0.0915859, 0.339069
1.635, -0.0906309, 0.381513
1.6375, -0.0895708, 0.423507
1.64, -0.0884069, 0.465003
1.6425, -0.0871404, 0.505953
1.645, -0.0857729, 0.546309
1.6475, -0.084306, 0.586024
1.65, -0.0827414, 0.625053
1.6525, -0.081081, 0.663351
1.655, -0.0793266, 0.700872
1.6575, -0.0774804, 0.737574
1.66, -0.0755444, 0.773413
1.6625, -0.073521, 0.808349
1.665, -0.0714125, 0.842341
1.6675, -0.0692214, 0.87535
1.67, -0.0669502, 0.907337
1.6725, -0.0646016, 0.938266
1.675, -0.0621784, 0.9681
1.6775, -0.0596832, 0.996806
1.68, -0.0571192, 1.02435
1.6825, -0.0544891, 1.0507
1.685, -0.0517962, 1.07583
1.6875, -0.0490435, 1.0997
1.69, -0.0462343, 1.12229
1.6925, -0.0433718, 1.14357
1.695, -0.0404593, 1.16353
1.6975, -0.0375003, 1.18213
1.7, -0.0344982, 1.19935
1.7025, -0.0314564, 1.21518
1.705, -0.0283786, 1.22959
1.7075, -0.0252682, 1.24258
1.71, -0.022129, 1.25412
1.7125, -0.0189646, 1.2642
1.715, -0.0157786, 1.27281
1.7175, -0.0125747, 1.27994
1.72, -0.00935672, 1.28559
1.7225, -0.00612834, 1.28974
1.725, -0.00289332, 1.29239
1.7275, 0.000344571, 1.29354
1.73, 0.00358159, 1.29319
1.7325, 0.00681396, 1.29133
1.735, 0.0100379, 1.28798
1.7375, 0.0132498, 1.28313
1.74, 0.0164458, 1.27679
1.7425, 0.0196222, 1.26897
1.745, 0.0227753, 1.25968
1.7475, 0.0259015, 1.24893
1.75, 0.0289972, 1.23672
1.7525, 0.0320588, 1.22309
1.755, 0.0350826, 1.20803
1.7575, 0.0380653, 1.19157
1.76, 0.0410033, 1.17374
1.7625, 0.0438932, 1.15454
1.765, 0.0467318, 1.134
1.7675, 0.0495156, 1.11215
1.77, 0.0522416, 1.08901
1.7725, 0.0549064, 1.06461
1.775, 0.0575071, 1.03898
1.7775, 0.0600406, 1.01214
1.78, 0.062504, 0.984131
1.7825, 0.0648945, 0.954985
1.785, 0.0672092, 0.924733
1.7875, 0.0694455, 0.893413
1.79, 0.0716009, 0.861059
1.7925, 0.0736727, 0.82771
1.795, 0.0756587, 0.793404
1.7975, 0.0775565, 0.758183
1.8, 0.079364, 0.722086
1.8025, 0.081079, 0.685155
1.805, 0.0826997, 0.647435
1.8075, 0.084224, 0.608968
1.81, 0.0856503, 0.5698
1.8125, 0.0869769, 0.529975
1.815, 0.0882022, 0.489541
1.8175, 0.089325, 0.448545
1.82, 0.0903439, 0.407033
1.8225, 0.0912576, 0.365055
1.825, 0.0920653, 0.32266
1.8275, 0.0927659, 0.279896
1.83, 0.0933587, 0.236813
1.8325, 0.0938429, 0.193461
1.835, 0.0942181, 0.149892
1.8375, 0.0944839, 0.106154
1.84, 0.0946398, 0.0623002
1.8425, 0.0946858, 0.0183802
1.845, 0.0946218, -0.0255546
1.8475, 0.094448, -0.0694531
1.85, 0.0941645, -0.113265
1.8525, 0.0937716, -0.156938
1.855, 0.09327, -0.200423
1.8575, 0.09266, -0.243668
1.86, 0.0919426, -0.286624
1.8625, 0.0911184, -0.329241
1.865, 0.0901886, -0.371469
1.8675, 0.0891542, -0.413259
1.87, 0.0880163, -0.454563
1.8725, 0.0867765, -0.495333
1.875, 0.085436, -0.535522
1.8775, 0.0839965, -0.575083
1.88, 0.0824596, -0.61397
1.8825, 0.0808272, -0.652138
1.885, 0.0791012, -0.689543
1.8875, 0.0772836, -0.726142
1.89, 0.0753765, -0.761892
1.8925, 0.0733821, -0.796752
1.895, 0.0713028, -0.830681
1.8975, 0.069141, -0.863641
1.9, 0.0668992, -0.895592
1.9025, 0.0645801, -0.926499
1.905, 0.0621863, -0.956325
1.9075, 0.0597206, -0.985036
1.91, 0.057186, -1.0126
1.9125, 0.0545852, -1.03898
1.915, 0.0519215, -1.06415
1.9175, 0.0491979, -1.08809
1.92, 0.0464176, -1.11075
1.9225, 0.0435837, -1.13212
1.925, 0.0406997, -1.15218
1.9275, 0.0377688, -1.17089
1.93, 0.0347945, -1.18824
1.9325, 0.0317802, -1.20421
1.935, 0.0287294, -1.21877
1.9375, 0.0256458, -1.23192
1.94, 0.0225328, -1.24364
1.9425, 0.0193941, -1.25391
1.945, 0.0162334, -1.26272
1.9475, 0.0130542, -1.27007
1.95, 0.00986039, -1.27593
1.9525, 0.00665559, -1.28032
1.955, 0.00344353, -1.28322
1.9575, 0.000227956, -1.28462
1.96, -0.00298741, -1.28454
1.9625, -0.00619883, -1.28296
1.965, -0.00940257, -1.2799
1.9675, -0.0125949, -1.27534
1.97, -0.0157722, -1.26931
1.9725, -0.0189306, -1.2618
1.975, -0.0220666, -1.25283
1.9775, -0.0251765, -1.24241
1.98, -0.0282567, -1.23054
1.9825, -0.0313037, -1.21725
1.985, -0.0343138, -1.20254
1.9875, -0.0372836, -1.18645
1.99, -0.0402097, -1.16897
1.9925, -0.0430886, -1.15014
1.995, -0.0459171, -1.12998
1.9975, -0.0486918, -1.10851
2, -0.0514096, -1.08575
2.0025, -0.0540673, -1.06173
2.005, -0.0566617, -1.03649
2.0075, -0.05919, -1.01005
2.01, -0.0616492, -0.982435
2.0125, -0.0640364, -0.953685
2.015, -0.0663488, -0.923832
2.0175, -0.0685839, -0.89291
2.02, -0.070739, -0.860956
2.0225, -0.0728116, -0.828007
2.025, -0.0747993, -0.794101
2.0275, -0.0766999, -0.759278
2.03, -0.0785111, -0.723579
2.0325, -0.0802309, -0.687044
2.035, -0.0818572, -0.649717
2.0375, -0.0833882, -0.61164
2.04, -0.0848222, -0.572859
2.0425, -0.0861574, -0.533419
2.045, -0.0873923, -0.493364
2.0475, -0.0885256, -0.452743
2.05, -0.0895559, -0.411602
2.0525, -0.090482, -0.369989
2.055, -0.0913029, -0.327952
2.0575, -0.0920177, -0.285541
2.06, -0.0926254, -0.242805
2.0625, -0.0931255, -0.199793
2.065, -0.0935174, -0.156555
2.0675, -0.0938006, -0.113142
2.07, -0.0939749, -0.0696034
2.0725, -0.0940399, -0.0259909
2.075, -0.0939957, 0.0176453
2.0775, -0.0938424, 0.0612546
2.08, -0.0935801, 0.104786
2.0825, -0.0932092, 0.14819
2.085, -0.0927301, 0.191415
2.0875, -0.0921433, 0.234411
2.09, -0.0914496, 0.277128
2.0925, -0.0906498, 0.319518
2.095, -0.0897449, 0.36153
2.0975, -0.0887358, 0.403116
2.1, -0.0876238, 0.444227
2.1025, -0.0864103, 0.484817
2.105, -0.0850966, 0.524837
2.1075, -0.0836842, 0.564242
2.11, -0.0821748, 0.602986
2.1125, -0.0805703, 0.641024
2.115, -0.0788724, 0.678311
2.1175, -0.0770831, 0.714806
2.12, -0.0752046, 0.750464
2.1225, -0.073239, 0.785246
2.125, -0.0711887, 0.819111
2.1275, -0.069056, 0.852019
2.13, -0.0668434, 0.883933
2.1325, -0.0645535, 0.914816
2.135, -0.062189, 0.944631
2.1375, -0.0597526, 0.973345
2.14, -0.0572471, 1.00092
2.1425, -0.0546756, 1.02734
2.145, -0.0520409, 1.05255
2.1475, -0.0493462, 1.07654
2.15, -0.0465945, 1.09928
2.1525, -0.0437892, 1.12073
2.155, -0.0409334, 1.14088
2.1575, -0.0380305, 1.15971
2.16, -0.0350839, 1.17718
2.1625, -0.0320969, 1.19328
2.165, -0.0290732, 1.208
2.1675, -0.0260161, 1.22131
2.17, -0.0229292, 1.2332
2.1725, -0.0198162, 1.24365
2.175, -0.0166806, 1.25266
2.1775, -0.0135261, 1.26022
2.18, -0.0103564, 1.26631
2.1825, -0.00717514, 1.27092
2.185, -0.00398599, 1.27406
2.1875, -0.000792697, 1.27572
2.19, 0.00240105, 1.2759
2.1925, 0.00559153, 1.2746
2.195, 0.00877504, 1.27181
2.1975, 0.0119479, 1.26755
2.2, 0.0151064, 1.26182
2.2025, 0.0182469, 1.25463
2.205, 0.0213657, 1.24597
2.2075, 0.0244593, 1.23588
2.21, 0.027524, 1.22434
2.2125, 0.0305562, 1.21139
2.215, 0.0335526, 1.19703
2.2175, 0.0365095, 1.18129
2.22, 0.0394235, 1.16417
2.2225, 0.0422914, 1.14571
2.225, 0.0451097, 1.12592
2.2275, 0.0478752, 1.10482
2.23, 0.0505847, 1.08244
2.2325, 0.0532351, 1.05881
2.235, 0.0558232, 1.03395
2.2375, 0.0583461, 1.0079
2.24, 0.0608008, 0.98068
2.2425, 0.0631846, 0.952324
2.245, 0.0654947, 0.922866
2.2475, 0.0677283, 0.892341
2.25, 0.069883, 0.860784
2.2525, 0.0719562, 0.828232
2.255, 0.0739454, 0.794723
2.2575, 0.0758486, 0.760296
2.26, 0.0776633, 0.724992
2.2625, 0.0793876, 0.68885
2.265, 0.0810194, 0.651914
2.2675, 0.0825569, 0.614226
2.27, 0.0839983, 0.57583
2.2725, 0.0853419, 0.536771
2.275, 0.0865862, 0.497095
2.2775, 0.0877297, 0.456847
2.28, 0.0887712, 0.416075
2.2825, 0.0897094, 0.374825
2.285, 0.0905434, 0.333146
2.2875, 0.091272, 0.291087
2.29, 0.0918945, 0.248695
2.2925, 0.0924102, 0.206021
2.295, 0.0928185, 0.163115
2.2975, 0.0931189, 0.120025
2.3, 0.0933112, 0.0768018
2.3025, 0.093395, 0.0334962
2.305, 0.0933704, -0.00984196
2.3075, 0.0932373, -0.0531622
2.31, 0.092996, -0.0964143
2.3125, 0.0926467, -0.139548
2.315, 0.0921898, -0.182513
2.3175, 0.091626, -0.22526
2.32, 0.0909558, -0.267739
2.3225, 0.0901801, -0.309901
2.325, 0.0892997, -0.351696
2.3275, 0.0883158, -0.393077
2.33, 0.0872294, -0.433995
2.3325, 0.086042, -0.474403
2.335, 0.0847547, -0.514254
2.3375, 0.0833692, -0.553502
2.34, 0.0818871, -0.592101
2.3425, 0.0803101, -0.630007
2.345, 0.0786401, -0.667176
2.3475, 0.076879, -0.703564
2.35, 0.0750289, -0.73913
2.3525, 0.0730919, -0.773831
2.355, 0.0710703, -0.80763
2.3575, 0.0689664, -0.840485
2.36, 0.0667828, -0.872359
2.3625, 0.0645219, -0.903215
2.365, 0.0621865, -0.933017
2.3675, 0.0597791, -0.961732
2.37, 0.0573027, -0.989325
2.3725, 0.0547601, -1.01577
2.375, 0.0521543, -1.04102
2.3775, 0.0494883, -1.06507
2.38, 0.0467652, -1.08787
2.3825, 0.0439883, -1.10941
2.385, 0.0411606, -1.12965
2.3875, 0.0382856, -1.14858
2.39, 0.0353665, -1.16617
2.3925, 0.0324068, -1.18241
2.395, 0.0294098, -1.19727
2.3975, 0.0263792, -1.21074
2.4, 0.0233184, -1.2228
2.4025, 0.0202309, -1.23344
2.405, 0.0171205, -1.24264
2.4075, 0.0139905, -1.2504
2.41, 0.0108449, -1.2567
2.4125, 0.00768704, -1.26155
2.415, 0.00452077, -1.26493
2.4175, 0.00134971, -1.26684
2.42, -0.00182244, -1.26728
2.4225, -0.00499201, -1.26624
2.425, -0.00815531, -1.26374
2.4275, -0.0113087, -1.25977
2.43, -0.0144484, -1.25433
2.4325, -0.0175709, -1.24744
2.435, -0.0206726, -1.2391
2.4375, -0.0237497, -1.22933
2.44, -0.0267989, -1.21813
2.4425, -0.0298164, -1.20551
2.445, -0.0327989, -1.1915
2.4475, -0.0357428, -1.1761
2.45, -0.0386448, -1.15935
2.4525, -0.0415015, -1.14124
2.455, -0.0443095, -1.12182
2.4575, -0.0470657, -1.10109
2.46, -0.0497668, -1.07909
2.4625, -0.0524097, -1.05584
2.465, -0.0549914, -1.03137
2.4675, -0.0575088, -1.0057
2.47, -0.059959, -0.978868
2.4725, -0.0623392, -0.950903
2.475, -0.0646467, -0.921838
2.4775, -0.0668788, -0.891706
2.48, -0.0690328, -0.860543
2.4825, -0.0711064, -0.828386
2.485, -0.073097, -0.795271
2.4875, -0.0750025, -0.761238
2.49, -0.0768206, -0.726325
2.4925, -0.0785492, -0.690575
2.495, -0.0801863, -0.654027
2.4975, -0.08173, -0.616725
2.5, -0.0831786, -0.578713
2.5025, -0.0845304, -0.540034
2.505, -0.0857838, -0.500734
2.5075, -0.0869374, -0.460857
2.51, -0.0879898, -0.420452
2.5125, -0.0889399, -0.379564
2.515, -0.0897866, -0.338242
2.5175, -0.0905289, -0.296533
2.52, -0.0911659, -0.254485
2.5225, -0.0916969, -0.212149
2.525, -0.0921214, -0.169572
2.5275, -0.0924388, -0.126805
2.53, -0.0926488, -0.0838962
2.5325, -0.0927512, -0.0408968
2.535, -0.0927458, 0.00214365
2.5375, -0.0926327, 0.0451753
2.54, -0.0924121, 0.088148
2.5425, -0.0920841, 0.131012
2.545, -0.0916493, 0.173718
2.5475, -0.0911081, 0.216215
2.55, -0.0904611, 0.258455
2.5525, -0.0897092, 0.300388
2.555, -0.0888532, 0.341967
2.5575, -0.0878942, 0.383142
2.56, -0.0868332, 0.423866
2.5625, -0.0856715, 0.464092
2.565, -0.0844105, 0.503772
2.5675, -0.0830516, 0.542862
2.57, -0.0815965, 0.581316
2.5725, -0.0800469, 0.619088
2.575, -0.0784045, 0.656136
2.5775, -0.0766713, 0.692417
2.58, -0.0748493, 0.727888
2.5825, -0.0729406, 0.762508
2.585, -0.0709475, 0.796237
2.5875, -0.0688724, 0.829037
2.59, -0.0667175, 0.860869
2.5925, -0.0644855, 0.891697
2.595, -0.0621789, 0.921484
2.5975, -0.0598004, 0.950197
2.6, -0.0573528, 0.977802
2.6025, -0.054839, 1.00427
2.605, -0.0522619, 1.02956
2.6075, -0.0496245, 1.05366
2.61, -0.0469298, 1.07653
2.6125, -0.044181, 1.09814
2.615, -0.0413813, 1.11848
2.6175, -0.038534, 1.13751
2.62, -0.0356423, 1.15522
2.6225, -0.0327097, 1.17159
2.625, -0.0297395, 1.18659
2.6275, -0.0267352, 1.20021
2.63, -0.0237003, 1.21244
2.6325, -0.0206384, 1.22325
2.635, -0.0175529, 1.23265
2.6375, -0.0144475, 1.24061
2.64, -0.0113258, 1.24713
2.6425, -0.00819137, 1.2522
2.645, -0.00504791, 1.25581
2.6475, -0.00189905, 1.25797
2.65, 0.00125154, 1.25866
2.6525, 0.00440021, 1.25789
2.655, 0.0075433, 1.25567
2.6575, 0.0106772, 1.25198
2.66, 0.0137982, 1.24684
2.6625, 0.0169027, 1.24025
2.665, 0.0199871, 1.23223
2.6675, 0.0230479, 1.22277
2.67, 0.0260814, 1.21189
2.6725, 0.0290842, 1.19961
2.675, 0.0320527, 1.18594
2.6775, 0.0349836, 1.17089
2.68, 0.0378735, 1.15449
2.6825, 0.0407189, 1.13674
2.685, 0.0435166, 1.11768
2.6875, 0.0462633, 1.09733
2.69, 0.0489559, 1.0757
2.6925, 0.0515913, 1.05282
2.695, 0.0541663, 1.02873
2.6975, 0.0566781, 1.00345
2.7, 0.0591236, 0.976999
2.7025, 0.0615002, 0.949422
2.705, 0.0638049, 0.920747
2.7075, 0.0660352, 0.891006
2.71, 0.0681885, 0.860235
2.7125, 0.0702622, 0.828469
2.715, 0.0722541, 0.795746
2.7175, 0.0741617, 0.762104
2.72, 0.075983, 0.727581
2.7225, 0.0777157, 0.692219
2.725, 0.0793579, 0.656058
2.7275, 0.0809077, 0.61914
2.73, 0.0823633, 0.581509
2.7325, 0.083723, 0.543208
2.735, 0.0849853, 0.504282
2.7375, 0.0861486, 0.464776
2.74, 0.0872118, 0.424735
2.7425, 0.0881735, 0.384208
2.745, 0.0890327, 0.343241
2.7475, 0.0897884, 0.30188
2.75, 0.0904396, 0.260176
2.7525, 0.0909857, 0.218175
2.755, 0.0914261, 0.175928
2.7575, 0.0917602, 0.133482
2.76, 0.0919877, 0.0908874
2.7625, 0.0921084, 0.0481937
2.765, 0.092122, 0.00545039
2.7675, 0.0920287, -0.0372929
2.77, 0.0918284, -0.0799866
2.7725, 0.0915216, -0.122581
2.775, 0.0911085, -0.165027
2.7775, 0.0905897, -0.207275
2.78, 0.0899657, -0.249275
2.7825, 0.0892374, -0.29098
2.785, 0.0884055, -0.332341
2.7875, 0.087471, -0.37331
2.79, 0.0864351, -0.413839
2.7925, 0.085299, -0.453882
2.795, 0.084064, -0.493391
2.7975, 0.0827315, -0.532322
2.8, 0.0813032, -0.570628
2.8025, 0.0797806, -0.608266
2.805, 0.0781656, -0.645192
2.8075, 0.0764601, -0.681363
2.81, 0.074666, -0.716738
2.8125, 0.0727854, -0.751275
2.815, 0.0708206, -0.784934
2.8175, 0.0687739, -0.817677
2.82, 0.0666476, -0.849465
2.8225, 0.0644442, -0.880262
2.825, 0.0621662, -0.910032
2.8275, 0.0598165, -0.93874
2.83, 0.0573975, -0.966354
2.8325, 0.0549123, -0.992842
2.835, 0.0523637, -1.01817
2.8375, 0.0497547, -1.04232
2.84, 0.0470882, -1.06525
2.8425, 0.0443675, -1.08694
2.845, 0.0415956, -1.10736
2.8475, 0.0387758, -1.1265
2.85, 0.0359115, -1.14432
2.8525, 0.0330058, -1.16081
2.855, 0.0300622, -1.17595
2.8575, 0.0270842, -1.18973
2.86, 0.0240751, -1.20212
2.8625, 0.0210386, -1.21311
2.865, 0.017978, -1.22269
2.8675, 0.0148971, -1.23085
2.87, 0.0117992, -1.23758
2.8725, 0.00868817, -1.24287
2.875, 0.00556748, -1.24672
2.8775, 0.00244079, -1.24911
2.88, -0.000688277, -1.25006
2.8825, -0.00381608, -1.24956
2.885, -0.00693898, -1.2476
2.8875, -0.0100534, -1.2442
2.89, -0.0131556, -1.23935
2.8925, -0.0162421, -1.23306
2.895, -0.0193093, -1.22534
2.8975, -0.0223536, -1.2162
2.9, -0.0253715, -1.20565
2.9025, -0.0283595, -1.1937
2.905, -0.031314, -1.18036
2.9075, -0.0342318, -1.16566
2.91, -0.0371094, -1.1496
2.9125, -0.0399435, -1.13221
2.915, -0.0427308, -1.11351
2.9175, -0.045468, -1.09352
2.92, -0.048152, -1.07226
2.9225, -0.0507797, -1.04976
2.925, -0.053348, -1.02604
2.9275, -0.055854, -1.00114
2.93, -0.0582947, -0.975076
2.9325, -0.0606674, -0.947884
2.935, -0.0629692, -0.919594
2.9375, -0.0651976, -0.890242
2.94, -0.06735, -0.859859
2.9425, -0.0694238, -0.828483
2.945, -0.0714166, -0.796149
2.9475, -0.0733263, -0.762895
2.95, -0.0751504, -0.72876
2.9525, -0.0768871, -0.693784
2.955, -0.0785341, -0.658007
2.9575, -0.0800898, -0.621471
2.96, -0.0815521, -0.584219
2.9625, -0.0829196, -0.546294
2.965, -0.0841905, -0.50774
2.9675, -0.0853635, -0.468602
2.97, -0.0864371, -0.428926
2.9725, -0.0874102, -0.388757
2.975, -0.0882817, -0.348143
2.9775, -0.0890505, -0.307131
2.98, -0.0897157, -0.265768
2.9825, -0.0902767, -0.224102
2.985, -0.0907327, -0.182183
2.9875, -0.0910833, -0.140058
2.99, -0.091328, -0.0977763
2.9925, -0.0914667, -0.0553876
2.995, -0.0914991, -0.012941
2.9975, -0.0914252, 0.0295145
3, -0.0912451, 0.0719293
3.0025, -0.0909592, 0.114254
3.005, -0.0905676, 0.15644
3.0075, -0.0900708, 0.198438
3.01, -0.0894696, 0.2402
3.0125, -0.0887645, 0.281676
3.015, -0.0879565, 0.322819
3.0175, -0.0870464, 0.363581
3.02, -0.0860353, 0.403914
3.0225, -0.0849245, 0.443773
3.025, -0.0837152, 0.48311
3.0275, -0.0824089, 0.52188
3.03, -0.081007, 0.560038
3.0325, -0.0795113, 0.597541
3.035, -0.0779235, 0.634343
3.0375, -0.0762454, 0.670404
3.04, -0.074479, 0.705681
3.0425, -0.0726263, 0.740132
3.045, -0.0706896, 0.773719
3.0475, -0.0686711, 0.806403
3.05, -0.0665731, 0.838145
3.0525, -0.0643981, 0.868909
3.055, -0.0621486, 0.898659
3.0575, -0.0598273, 0.927361
3.06, -0.0574369, 0.954982
3.0625, -0.0549801, 0.98149
3.065, -0.0524598, 1.00685
3.0675, -0.049879, 1.03104
3.07, -0.0472406, 1.05403
3.0725, -0.0445478, 1.0758
3.075, -0.0418036, 1.09631
3.0775, -0.0390112, 1.11554
3.08, -0.036174, 1.13347
3.0825, -0.0332952, 1.15009
3.085, -0.0303781, 1.16537
3.0875, -0.0274262, 1.17929
3.09, -0.0244429, 1.19184
3.0925, -0.0214316, 1.203
3.095, -0.0183959, 1.21277
3.0975, -0.0153393, 1.22112
3.1, -0.0122653, 1.22806
3.1025, -0.00917752, 1.23357
3.105, -0.00607955, 1.23764
3.1075, -0.00297497, 1.24028
3.11, 0.0001326, 1.24147
3.1125, 0.00323955, 1.24123
3.115, 0.00634228, 1.23954
3.1175, 0.00943719, 1.23641
3.12, 0.0125207, 1.23185
3.1225, 0.0155892, 1.22586
3.125, 0.0186391, 1.21845
3.1275, 0.0216669, 1.20962
3.13, 0.0246691, 1.19938
3.1325, 0.0276422, 1.18776
3.135, 0.0305828, 1.17476
3.1375, 0.0334874, 1.16039
3.14, 0.0363527, 1.14468
3.1425, 0.0391754, 1.12765
3.145, 0.0419521, 1.1093
3.1475, 0.0446797, 1.08967
3.15, 0.047355, 1.06878
3.1525, 0.0499749, 1.04665
3.155, 0.0525364, 1.02331
3.1575, 0.0550364, 0.998782
3.16, 0.0574722, 0.973098
3.1625, 0.0598409, 0.946287
3.165, 0.0621397, 0.918382
3.1675, 0.064366, 0.889414
3.17, 0.0665173, 0.859418
3.1725, 0.0685909, 0.828428
3.175, 0.0705846, 0.79648
3.1775, 0.072496, 0.763612
3.18, 0.074323, 0.729862
3.1825, 0.0760633, 0.69527
3.185, 0.0777151, 0.659875
3.1875, 0.0792763, 0.623719
3.19, 0.0807453, 0.586844
3.1925, 0.0821202, 0.549293
3.195, 0.0833996, 0.511109
3.1975, 0.0845819, 0.472338
3.2, 0.0856658, 0.433024
3.2025, 0.0866501, 0.393212
3.205, 0.0875336, 0.35295
3.2075, 0.0883153, 0.312284
3.21, 0.0889943, 0.271262
3.2125, 0.0895698, 0.22993
3.215, 0.0900412, 0.188338
3.2175, 0.090408, 0.146533
3.22, 0.0906698, 0.104564
3.2225, 0.0908262, 0.0624794
3.225, 0.090877, 0.0203288
3.2275, 0.0908224, -0.0218391
3.23, 0.0906622, -0.0639754
3.2325, 0.0903968, -0.106031
3.235, 0.0900265, -0.147957
3.2375, 0.0895516, -0.189706
3.24, 0.0889728, -0.231227
3.2425, 0.0882908, -0.272474
3.245, 0.0875063, -0.313399
3.2475, 0.0866203, -0.353953
3.25, 0.0856339, -0.394091
3.2525, 0.0845481, -0.433764
3.255, 0.0833643, -0.472928
3.2575, 0.0820838, -0.511537
3.26, 0.0807083, -0.549546
3.2625, 0.0792391, -0.586911
3.265, 0.0776782, -0.623589
3.2675, 0.0760273, -0.659538
3.27, 0.0742884, -0.694715
3.2725, 0.0724634, -0.72908
3.275, 0.0705545, -0.762593
3.2775, 0.068564, -0.795215
3.28, 0.0664941, -0.826909
3.2825, 0.0643473, -0.857638
3.285, 0.0621262, -0.887367
3.2875, 0.0598331, -0.91606
3.29, 0.057471, -0.943685
3.2925, 0.0550424, -0.97021
3.295, 0.0525503, -0.995605
3.2975, 0.0499975, -1.01984
3.3, 0.047387, -1.04289
3.3025, 0.0447219, -1.06472
3.305, 0.0420052, -1.08531
3.3075, 0.0392402, -1.10464
3.31, 0.03643, -1.12268
3.3125, 0.0335779, -1.13942
3.315, 0.0306872, -1.15483
3.3175, 0.0277613, -1.16889
3.32, 0.0248036, -1.1816
3.3225, 0.0218176, -1.19293
3.325, 0.0188066, -1.20288
3.3275, 0.0157742, -1.21143
3.33, 0.012724, -1.21856
3.3325, 0.00965947, -1.22429
3.335, 0.00658416, -1.22859
3.3375, 0.00350166, -1.23146
3.34, 0.000415549, -1.2329
3.3425, -0.00267059, -1.23291
3.345, -0.00575316, -1.23149
3.3475, -0.0088286, -1.22864
3.35, -0.0118933, -1.22436
3.3525, -0.0149438, -1.21866
3.355, -0.0179764, -1.21154
3.3575, -0.0209877, -1.20302
3.36, -0.0239742, -1.19311
3.3625, -0.0269325, -1.18181
3.365, -0.029859, -1.16913
3.3675, -0.0327503, -1.15511
3.37, -0.0356033, -1.13974
3.3725, -0.0384144, -1.12305
3.375, -0.0411805, -1.10506
3.3775, -0.0438984, -1.08579
3.38, -0.0465649, -1.06526
3.3825, -0.0491769, -1.0435
3.385, -0.0517314, -1.02053
3.3875, -0.0542254, -0.996373
3.39, -0.0566561, -0.971066
3.3925, -0.0590207, -0.944635
3.395, -0.0613163, -0.91711
3.3975, -0.0635404, -0.888525
3.4, -0.0656904, -0.858911
3.4025, -0.0677637, -0.828305
3.405, -0.0697581, -0.796741
3.4075, -0.0716711, -0.764257
3.41, -0.0735006, -0.730889
3.4125, -0.0752445, -0.696678
3.415, -0.0769007, -0.661663
3.4175, -0.0784674, -0.625885
3.42, -0.0799427, -0.589385
3.4225, -0.0813249, -0.552206
3.425, -0.0826125, -0.514391
3.4275, -0.083804, -0.475984
3.43, -0.0848979, -0.43703
3.4325, -0.0858931, -0.397575
3.435, -0.0867884, -0.357663
3.4375, -0.0875827, -0.317342
3.44, -0.0882752, -0.276659
3.4425, -0.0888651, -0.23566
3.445, -0.0893517, -0.194394
3.4475, -0.0897345, -0.152908
3.45, -0.0900129, -0.11125
3.4525, -0.0901868, -0.0694697
3.455, -0.0902559, -0.0276148
3.4575, -0.0902202, 0.014266
3.46, -0.0900797, 0.0561241
3.4625, -0.0898347, 0.0979107
3.465, -0.0894853, 0.139577
3.4675, -0.089032, 0.181076
3.47, -0.0884754, 0.222358
3.4725, -0.0878162, 0.263375
3.475, -0.087055, 0.304081
3.4775, -0.0861929, 0.344427
3.48, -0.0852308, 0.384368
3.4825, -0.0841698, 0.423856
3.485, -0.0830112, 0.462846
3.4875, -0.0817564, 0.501292
3.49, -0.0804069, 0.539151
3.4925, -0.0789641, 0.576378
3.495, -0.0774299, 0.61293
3.4975, -0.0758059, 0.648765
3.5, -0.0740942, 0.68384
3.5025, -0.0722967, 0.718117
3.505, -0.0704154, 0.751554
3.5075, -0.0684527, 0.784114
3.51, -0.0664107, 0.815758
3.5125, -0.064292, 0.84645
3.515, -0.0620988, 0.876154
3.5175, -0.0598339, 0.904837
3.52, -0.0574998, 0.932464
3.5225, -0.0550993, 0.959004
3.525, -0.0526352, 0.984426
3.5275, -0.0501103, 1.0087
3.53, -0.0475275, 1.0318
3.5325, -0.04489, 1.0537
3.535, -0.0422007, 1.07437
3.5375, -0.0394628, 1.09379
3.54, -0.0366795, 1.11194
3.5425, -0.033854, 1.12879
3.545, -0.0309896, 1.14433
3.5475, -0.0280896, 1.15854
3.55, -0.0251574, 1.1714
3.5525, -0.0221964, 1.1829
3.555, -0.0192102, 1.19302
3.5575, -0.016202, 1.20176
3.56, -0.0131755, 1.2091
3.5625, -0.0101341, 1.21503
3.565, -0.00708138, 1.21955
3.5675, -0.00402091, 1.22266
3.57, -0.000956226, 1.22434
3.5725, 0.00210912, 1.2246
3.575, 0.00517155, 1.22344
3.5775, 0.00822753, 1.22086
3.58, 0.0112735, 1.21686
3.5825, 0.0143059, 1.21145
3.585, 0.0173213, 1.20464
3.5875, 0.0203161, 1.19642
3.59, 0.0232868, 1.18682
3.5925, 0.0262301, 1.17584
3.595, 0.0291425, 1.16349
3.5975, 0.0320205, 1.1498
3.6, 0.034861, 1.13477
3.6025, 0.0376606, 1.11843
3.605, 0.040416, 1.10079
3.6075, 0.0431241, 1.08187
3.61, 0.0457816, 1.0617
3.6125, 0.0483856, 1.0403
3.615, 0.0509331, 1.0177
3.6175, 0.053421, 0.993915
3.62, 0.0558464, 0.968982
3.6225, 0.0582067, 0.942926
3.625, 0.060499, 0.91578
3.6275, 0.0627207, 0.887574
3.63, 0.0648693, 0.858341
3.6325, 0.0669422, 0.828115
3.635, 0.068937, 0.796933
3.6375, 0.0708514, 0.764829
3.64, 0.0726833, 0.731842
3.6425, 0.0744305, 0.69801
3.645, 0.0760911, 0.663373
3.6475, 0.0776629, 0.62797
3.65, 0.0791444, 0.591843
3.6525, 0.0805337, 0.555033
3.655, 0.0818293, 0.517585
3.6575, 0.0830297, 0.479541
3.66, 0.0841334, 0.440946
3.6625, 0.0851393, 0.401845
3.665, 0.0860461, 0.362283
3.6675, 0.0868529, 0.322305
3.67, 0.0875587, 0.28196
3.6725, 0.0881626, 0.241293
3.675, 0.0886642, 0.200351
3.6775, 0.0890626, 0.159183
3.68, 0.0893576, 0.117837
3.6825, 0.0895487, 0.0763595
3.685, 0.0896358, 0.0347996
3.6875, 0.0896188, -0.00679457
3.69, 0.0894977, -0.0483746
3.6925, 0.0892727, -0.0898924
3.695, 0.088944, -0.1313
3.6975, 0.0885121, -0.172548
3.7, 0.0879775, -0.21359
3.7025, 0.0873408, -0.254378
3.705, 0.0866027, -0.294864
3.7075, 0.0857641, -0.335002
3.71, 0.0848261, -0.374745
3.7125, 0.0837897, -0.414047
3.715, 0.0826561, -0.452862
3.7175, 0.0814267, -0.491145
3.72, 0.0801029, -0.528852
3.7225, 0.0786863, -0.56594
3.725, 0.0771785, -0.602364
3.7275, 0.0755813, -0.638084
3.73, 0.0738965, -0.673057
3.7325, 0.0721262, -0.707244
3.735, 0.0702724, -0.740603
3.7375, 0.0683372, -0.773098
3.74, 0.066323, -0.80469
3.7425, 0.064232, -0.835343
3.745, 0.0620668, -0.865022
3.7475, 0.0598297, -0.893691
3.75, 0.0575236, -0.921318
3.7525, 0.0551509, -0.94787
3.755, 0.0527146, -0.973318
3.7575, 0.0502174, -0.997632
3.76, 0.0476622, -1.02078
3.7625, 0.0450521, -1.04275
3.765, 0.04239, -1.06349
3.7675, 0.0396791, -1.08301
3.77, 0.0369226, -1.10125
3.7725, 0.0341235, -1.11822
3.775, 0.0312852, -1.13389
3.7775, 0.0284111, -1.14824
3.78, 0.0255043, -1.16125
3.7825, 0.0225684, -1.17291
3.785, 0.0196067, -1.18321
3.7875, 0.0166226, -1.19213
3.79, 0.0136197, -1.19966
3.7925, 0.0106014, -1.2058
3.795, 0.00757128, -1.21054
3.7975, 0.00453279, -1.21388
3.8, 0.00148949, -1.2158
3.8025, -0.00155509, -1.21631
3.805, -0.00459741, -1.21541
3.8075, -0.00763394, -1.21309
3.81, -0.0106612, -1.20937
3.8125, -0.0136755, -1.20425
3.815, -0.0166736, -1.19772
3.8175, -0.0196518, -1.18981
3.82, -0.0226068, -1.18051
3.8225, -0.0255351, -1.16985
3.825, -0.0284333, -1.15783
3.8275, -0.031298, -1.14446
3.83, -0.034126, -1.12977
3.8325, -0.0369139, -1.11377
3.835, -0.0396585, -1.09648
3.8375, -0.0423567, -1.07791
3.84, -0.0450052, -1.0581
3.8425, -0.0476011, -1.03706
3.845, -0.0501414, -1.01482
3.8475, -0.052623, -0.991409
3.85, -0.0550431, -0.966846
3.8525, -0.057399, -0.941163
3.855, -0.0596878, -0.914392
3.8575, -0.061907, -0.886562
3.86, -0.064054, -0.857707
3.8625, -0.0661262, -0.82786
3.865, -0.0681213, -0.797056
3.8675, -0.070037, -0.765331
3.87, -0.0718711, -0.732722
3.8725, -0.0736215, -0.699267
3.875, -0.0752861, -0.665004
3.8775, -0.076863, -0.629974
3.88, -0.0783504, -0.594218
3.8825, -0.0797466, -0.557777
3.885, -0.0810499, -0.520694
3.8875, -0.082259, -0.483011
3.89, -0.0833723, -0.444773
3.8925, -0.0843886, -0.406024
3.895, -0.0853068, -0.366809
3.8975, -0.0861258, -0.327174
3.9, -0.0868446, -0.287166
3.9025, -0.0874624, -0.246829
3.905, -0.0879786, -0.206212
3.9075, -0.0883925, -0.165361
3.91, -0.0887037, -0.124324
3.9125, -0.0889119, -0.0831494
3.915, -0.0890167, -0.041884
3.9175, -0.0890181, -0.000576089
3.92, -0.0889162, 0.0407264
3.9225, -0.088711, 0.0819754
3.925, -0.0884028, 0.123123
3.9275, -0.087992, 0.164122
3.93, -0.087479, 0.204924
3.9325, -0.0868646, 0.245482
3.935, -0.0861493, 0.285748
3.9375, -0.0853341, 0.325677
3.94, -0.0844199, 0.365222
3.9425, -0.0834078, 0.404337
3.945, -0.082299, 0.442976
3.9475, -0.0810947, 0.481095
3.95, -0.0797965, 0.51865
3.9525, -0.0784057, 0.555596
3.955, -0.0769242, 0.591892
3.9575, -0.0753535, 0.627495
3.96, -0.0736955, 0.662365
3.9625, -0.0719522, 0.696459
3.965, -0.0701255, 0.72974
3.9675, -0.0682177, 0.762168
3.97, -0.066231, 0.793707
3.9725, -0.0641676, 0.824318
3.975, -0.06203, 0.853968
3.9775, -0.0598207, 0.882622
3.98, -0.0575422, 0.910246
3.9825, -0.0551973, 0.93681
3.985, -0.0527886, 0.962281
3.9875, -0.0503189, 0.986631
3.99, -0.0477912, 1.00983
3.9925, -0.0452083, 1.03186
3.995, -0.0425733, 1.05268
3.9975, -0.0398893, 1.07227
4, -0.0371593, 1.09062
4.0025, -0.0343866, 1.1077
4.005, -0.0315743, 1.12349
4.0075, -0.0287258, 1.13797
4.01, -0.0258444, 1.15113
4.0125, -0.0229334, 1.16295
4.015, -0.0199962, 1.17342
4.0175, -0.0170361, 1.18253
4.02, -0.0140568, 1.19025
4.0225, -0.0110615, 1.1966
4.025, -0.0080539, 1.20155
4.0275, -0.00503735, 1.20511
4.03, -0.00201539, 1.20727
4.0325, 0.00100845, 1.20803
4.035, 0.00403068, 1.20738
4.0375, 0.00704778, 1.20533
4.04, 0.0100562, 1.20188
4.0425, 0.0130526, 1.19704
4.045, 0.0160333, 1.1908
4.0475, 0.018995, 1.18319
4.05, 0.0219341, 1.1742
4.0525, 0.0248474, 1.16385
4.055, 0.0277314, 1.15215
4.0575, 0.0305827, 1.13911
4.06, 0.0333981, 1.12475
4.0625, 0.0361743, 1.10909
4.065, 0.038908, 1.09214
4.0675, 0.0415962, 1.07392
4.07, 0.0442357, 1.05446
4.0725, 0.0468234, 1.03378
4.075, 0.0493563, 1.0119
4.0775, 0.0518315, 0.988854
4.08, 0.0542462, 0.964659
4.0825, 0.0565975, 0.939346
4.085, 0.0588827, 0.912947
4.0875, 0.0610992, 0.885491
4.09, 0.0632444, 0.857011
4.0925, 0.0653158, 0.82754
4.095, 0.0673111, 0.797112
4.0975, 0.0692279, 0.765763
4.1, 0.071064, 0.733529
4.1025, 0.0728173, 0.700448
4.105, 0.0744858, 0.666558
4.1075, 0.0760676, 0.6319
4.11, 0.0775607, 0.596512
4.1125, 0.0789635, 0.560437
4.115, 0.0802745, 0.523717
4.1175, 0.081492, 0.486394
4.12, 0.0826147, 0.448511
4.1225, 0.0836412, 0.410113
4.125, 0.0845705, 0.371244
4.1275, 0.0854014, 0.331951
4.13, 0.086133, 0.292277
4.1325, 0.0867645, 0.25227
4.135, 0.0872951, 0.211976
4.1375, 0.0877242, 0.171441
4.14, 0.0880514, 0.130714
4.1425, 0.0882763, 0.0898404
4.145, 0.0883986, 0.0488689
4.1475, 0.0884183, 0.0078467
4.15, 0.0883352, -0.0331785
4.1525, 0.0881496, -0.0741591
4.155, 0.0878616, -0.115048
4.1575, 0.0874716, -0.155796
4.16, 0.0869801, -0.196358
4.1625, 0.0863877, -0.236686
4.165, 0.085695, -0.276732
4.1675, 0.0849029, -0.316452
4.17, 0.0840122, -0.355798
4.1725, 0.0830242, -0.394725
4.175, 0.0819399, -0.433187
4.1775, 0.0807605, -0.471141
4.18, 0.0794876, -0.508542
4.1825, 0.0781225, -0.545347
4.185, 0.0766669, -0.581513
4.1875, 0.0751225, -0.616999
4.19, 0.0734911, -0.651762
4.1925, 0.0717745, -0.685764
4.195, 0.0699748, -0.718964
4.1975, 0.0680942, -0.751324
4.2, 0.0661347, -0.782806
4.2025, 0.0640987, -0.813375
4.205, 0.0619886, -0.842995
4.2075, 0.0598068, -0.871631
4.21, 0.0575559, -0.89925
4.2125, 0.0552384, -0.925821
4.215, 0.0528572, -0.951313
4.2175, 0.0504149, -0.975697
4.22, 0.0479144, -0.998943
4.2225, 0.0453586, -1.02103
4.225, 0.0427506, -1.04192
4.2275, 0.0400932, -1.0616
4.23, 0.0373898, -1.08005
4.2325, 0.0346432, -1.09723
4.235, 0.0318569, -1.11314
4.2375, 0.029034, -1.12776
4.24, 0.0261778, -1.14106
4.2425, 0.0232915, -1.15304
4.245, 0.0203787, -1.16367
4.2475, 0.0174427, -1.17296
4.25, 0.0144868, -1.18088
4.2525, 0.0115145, -1.18742
4.255, 0.00852931, -1.19259
4.2575, 0.00553464, -1.19637
4.26, 0.002534, -1.19876
4.2625, -0.000469149, -1.19976
4.265, -0.0034713, -1.19936
4.2675, -0.00646898, -1.19757
4.27, -0.0094587, -1.19439
4.2725, -0.012437, -1.18983
4.275, -0.0154004, -1.18388
4.2775, -0.0183455, -1.17656
4.28, -0.0212688, -1.16787
4.2825, -0.024167, -1.15783
4.285, -0.0270367, -1.14645
4.2875, -0.0298746, -1.13373
4.29, -0.0326773, -1.1197
4.2925, -0.0354417, -1.10437
4.295, -0.0381645, -1.08777
4.2975, -0.0408426, -1.0699
4.3, -0.0434729, -1.05079
4.3025, -0.0460523, -1.03046
4.305, -0.0485778, -1.00894
4.3075, -0.0510465, -0.986253
4.31, -0.0534555, -0.962422
4.3125, -0.0558022, -0.937477
4.315, -0.0580836, -0.911447
4.3175, -0.0602973, -0.884362
4.32, -0.0624406, -0.856254
4.3225, -0.0645111, -0.827156
4.325, -0.0665063, -0.797101
4.3275, -0.0684241, -0.766125
4.33, -0.070262, -0.734264
4.3325, -0.0720181, -0.701556
4.335, -0.0736903, -0.668037
4.3375, -0.0752766, -0.633747
4.34, -0.0767753, -0.598726
4.3425, -0.0781846, -0.563015
4.345, -0.0795029, -0.526656
4.3475, -0.0807287, -0.48969
4.35, -0.0818605, -0.452161
4.3525, -0.082897, -0.414112
4.355, -0.0838372, -0.375589
4.3575, -0.0846798, -0.336634
4.36, -0.085424, -0.297295
4.3625, -0.0860688, -0.257616
4.365, -0.0866136, -0.217644
4.3675, -0.0870577, -0.177425
4.37, -0.0874007, -0.137005
4.3725, -0.0876421, -0.0964332
4.375, -0.0877816, -0.055755
4.3775, -0.0878192, -0.015018
4.38, -0.0877548, 0.0257303
4.3825, -0.0875885, 0.0664428
4.385, -0.0873205, 0.107072
4.3875, -0.0869511, 0.147571
4.39, -0.0864808, 0.187892
4.3925, -0.0859101, 0.227989
4.395, -0.0852397, 0.267816
4.3975, -0.0844704, 0.307325
4.4, -0.0836032, 0.346472
4.4025, -0.082639, 0.385211
4.405, -0.0815789, 0.423496
4.4075, -0.0804242, 0.461284
4.41, -0.0791763, 0.49853
4.4125, -0.0778367, 0.535192
4.415, -0.0764068, 0.571227
4.4175, -0.0748885, 0.606594
4.42, -0.0732833, 0.64125
4.4225, -0.0715933, 0.675157
4.425, -0.0698204, 0.708274
4.4275, -0.0679667, 0.740564
4.43, -0.0660343, 0.771989
4.4325, -0.0640255, 0.802513
4.435, -0.0619427, 0.8321
4.4375, -0.0597882, 0.860717
4.44, -0.0575646, 0.888329
4.4425, -0.0552745, 0.914906
4.445, -0.0529205, 0.940416
4.4475, -0.0505054, 0.96483
4.45, -0.048032, 0.988121
4.4525, -0.0455032, 1.01026
4.455, -0.0429219, 1.03122
4.4575, -0.0402911, 1.05098
4.46, -0.037614, 1.06952
4.4625, -0.0348936, 1.08682
4.465, -0.032133, 1.10284
4.4675, -0.0293355, 1.11759
4.47, -0.0265044, 1.13103
4.4725, -0.0236429, 1.14316
4.475, -0.0207544, 1.15396
4.4775, -0.0178422, 1.16342
4.48, -0.0149097, 1.17153
4.4825, -0.0119604, 1.17827
4.485, -0.00899756, 1.18365
4.4875, -0.00602473, 1.18764
4.49, -0.00304535, 1.19026
4.4925, -6.2877e-05, 1.1915
4.495, 0.00291923, 1.19135
4.4975, 0.0058975, 1.18982
4.5, 0.00886848, 1.18691
4.5025, 0.0118287, 1.18262
4.505, 0.0147748, 1.17695
4.5075, 0.0177033, 1.16992
4.51, 0.0206107, 1.16154
4.5125, 0.0234938, 1.1518
4.515, 0.0263492, 1.14073
4.5175, 0.0291736, 1.12833
4.52, 0.0319636, 1.11463
4.5225, 0.0347162, 1.09963
4.525, 0.037428, 1.08336
4.5275, 0.0400959, 1.06584
4.53, 0.0427169, 1.04708
4.5325, 0.0452878, 1.0271
4.535, 0.0478058, 1.00593
4.5375, 0.0502679, 0.983605
4.54, 0.0526712, 0.960136
4.5425, 0.055013, 0.935555
4.545, 0.0572906, 0.909891
4.5475, 0.0595013, 0.883175
4.55, 0.0616426, 0.855436
4.5525, 0.0637119, 0.826708
4.555, 0.065707, 0.797025
4.5575, 0.0676254, 0.76642
4.56, 0.0694651, 0.734929
4.5625, 0.0712237, 0.70259
4.565, 0.0728994, 0.66944
4.5675, 0.0744902, 0.635517
4.57, 0.0759942, 0.60086
4.5725, 0.0774098, 0.565512
4.575, 0.0787352, 0.529511
4.5775, 0.079969, 0.492901
4.58, 0.0811097, 0.455724
4.5825, 0.0821561, 0.418024
4.585, 0.0831069, 0.379843
4.5875, 0.083961, 0.341227
4.59, 0.0847175, 0.30222
4.5925, 0.0853755, 0.262868
4.595, 0.0859343, 0.223217
4.5975, 0.0863931, 0.183312
4.6, 0.0867516, 0.143201
4.6025, 0.0870092, 0.102929
4.605, 0.0871658, 0.062543
4.6075, 0.0872211, 0.0220908
4.61, 0.0871751, -0.0183811
4.6125, 0.0870278, -0.0588256
4.615, 0.0867795, -0.0991958
4.6175, 0.0864305, -0.139445
4.62, 0.0859811, -0.179526
4.6225, 0.0854319, -0.219392
4.625, 0.0847836, -0.258998
4.6275, 0.0840369, -0.298298
4.63, 0.0831928, -0.337244
4.6325, 0.0822521, -0.375794
4.635, 0.0812161, -0.413901
4.6375, 0.0800858, -0.451522
4.64, 0.0788628, -0.488613
4.6425, 0.0775483, -0.525131
4.645, 0.076144, -0.561034
4.6475, 0.0746514, -0.59628
4.65, 0.0730724, -0.630828
4.6525, 0.0714087, -0.664638
4.655, 0.0696623, -0.697671
4.6575, 0.0678353, -0.729889
4.66, 0.0659298, -0.761255
4.6625, 0.063948, -0.791732
4.665, 0.0618922, -0.821285
4.6675, 0.0597649, -0.849879
4.67, 0.0575684, -0.877483
4.6725, 0.0553054, -0.904063
4.675, 0.0529785, -0.929589
4.6775, 0.0505905, -0.954032
4.68, 0.048144, -0.977363
4.6825, 0.045642, -0.999556
4.685, 0.0430874, -1.02058
4.6875, 0.040483, -1.04042
4.69, 0.0378321, -1.05905
4.6925, 0.0351376, -1.07645
4.695, 0.0324027, -1.09259
4.6975, 0.0296306, -1.10746
4.7, 0.0268245, -1.12105
4.7025, 0.0239876, -1.13333
4.705, 0.0211233, -1.14429
4.7075, 0.0182349, -1.15392
4.71, 0.0153257, -1.16221
4.7125, 0.0123992, -1.16915
4.715, 0.00945872, -1.17473
4.7175, 0.00650768, -1.17894
4.72, 0.00354952, -1.18178
4.7225, 0.000587679, -1.18326
4.725, -0.0023744, -1.18335
4.7275, -0.00533329, -1.18208
4.73, -0.00828554, -1.17943
4.7325, -0.0112277, -1.17541
4.735, -0.0141565, -1.17002
4.7375, -0.0170683, -1.16328
4.74, -0.0199599, -1.15519
4.7425, -0.0228278, -1.14576
4.745, -0.0256689, -1.13499
4.7475, -0.0284797, -1.12292
4.75, -0.031257, -1.10954
4.7525, -0.0339976, -1.09487
4.755, -0.0366983, -1.07893
4.7575, -0.039356, -1.06174
4.76, -0.0419676, -1.04333
4.7625, -0.04453, -1.0237
4.765, -0.0470404, -1.00289
4.7675, -0.0494957, -0.980912
4.77, -0.0518932, -0.957801
4.7725, -0.0542301, -0.933582
4.775, -0.0565036, -0.908282
4.7775, -0.0587112, -0.88193
4.78, -0.0608503, -0.854559
4.7825, -0.0629184, -0.826199
4.785, -0.0649131, -0.796883
4.7875, -0.0668321, -0.766647
4.79, -0.0686732, -0.735525
4.7925, -0.0704343, -0.703553
4.795, -0.0721133, -0.670768
4.7975, -0.0737083, -0.63721
4.8, -0.0752175, -0.602916
4.8025, -0.0766391, -0.567927
4.805, -0.0779714, -0.532284
4.8075, -0.0792131, -0.496028
4.81, -0.0803625, -0.459202
4.8125, -0.0814184, -0.421847
4.815, -0.0823797, -0.384008
4.8175, -0.0832451, -0.345729
4.82, -0.0840137, -0.307054
4.8225, -0.0846846, -0.268028
4.825, -0.085257, -0.228696
4.8275, -0.0857304, -0.189105
4.83, -0.0861041, -0.1493
4.8325, -0.0863778, -0.109327
4.835, -0.0865511, -0.0692338
4.8375, -0.0866238, -0.0290658
4.84, -0.086596, 0.01113
4.8425, -0.0864675, 0.0513069
4.845, -0.0862387, 0.0914182
4.8475, -0.0859097, 0.131417
4.85, -0.0854811, 0.171258
4.8525, -0.0849532, 0.210894
4.855, -0.0843267, 0.250279
4.8575, -0.0836024, 0.289367
4.86, -0.0827811, 0.328114
4.8625, -0.0818637, 0.366474
4.865, -0.0808514, 0.404402
4.8675, -0.0797454, 0.441856
4.87, -0.078547, 0.47879
4.8725, -0.0772574, 0.515163
4.875, -0.0758784, 0.550932
4.8775, -0.0744114, 0.586056
4.88, -0.0728582, 0.620494
4.8825, -0.0712207, 0.654207
4.885, -0.0695006, 0.687154
4.8875, -0.0677001, 0.719299
4.89, -0.0658213, 0.750604
4.8925, -0.0638663, 0.781032
4.895, -0.0618374, 0.810548
4.8975, -0.0597369, 0.839119
4.9, -0.0575674, 0.866711
4.9025, -0.0553314, 0.893292
4.905, -0.0530315, 0.918832
4.9075, -0.0506703, 0.943301
4.91, -0.0482506, 0.966671
4.9125, -0.0457752, 0.988915
4.915, -0.043247, 1.01001
4.9175, -0.040669, 1.02992
4.92, -0.0380441, 1.04864
4.9225, -0.0353754, 1.06613
4.925, -0.0326661, 1.08239
4.9275, -0.0299192, 1.09739
4.93, -0.0271379, 1.1111
4.9325, -0.0243256, 1.12353
4.935, -0.0214854, 1.13465
4.9375, -0.0186207, 1.14445
4.94, -0.0157348, 1.15292
4.9425, -0.0128311, 1.16005
4.945, -0.00991284, 1.16583
4.9475, -0.00698353, 1.17026
4.95, -0.00404655, 1.17332
4.9525, -0.00110531, 1.17503
4.955, 0.00183678, 1.17537
4.9575, 0.0047763, 1.17434
4.96, 0.00770983, 1.17195
4.9625, 0.010634, 1.1682
4.965, 0.0135453, 1.16309
4.9675, 0.0164405, 1.15663
4.97, 0.0193162, 1.14883
4.9725, 0.022169, 1.1397
4.975, 0.0249957, 1.12924
4.9775, 0.0277929, 1.11748
4.98, 0.0305574, 1.10442
4.9825, 0.033286, 1.09008
4.985, 0.0359755, 1.07447
4.9875, 0.0386228, 1.05762
4.99, 0.041225, 1.03954
4.9925, 0.0437788, 1.02026
4.995, 0.0462814, 0.999796
4.9975, 0.0487299, 0.978174
5, 0.0511214, 0.955419
