0, 0.1, 0
0.0025, 0.1, -0.0625
0.005, 0.0998438, -0.124988
0.0075, 0.0995313, -0.187365
0.01, 0.0990629, -0.249534
0.0125, 0.098439, -0.311399
0.015, 0.0976605, -0.372861
0.0175, 0.0967284, -0.433824
0.02, 0.0956438, -0.494193
0.0225, 0.0944083, -0.553871
0.025, 0.0930237, -0.612766
0.0275, 0.0914917, -0.670783
0.03, 0.0898148, -0.727831
0.0325, 0.0879952, -0.78382
0.035, 0.0860357, -0.83866
0.0375, 0.083939, -0.892265
0.04, 0.0817084, -0.944548
0.0425, 0.079347, -0.995427
0.045, 0.0768584, -1.04482
0.0475, 0.0742464, -1.09265
0.05, 0.0715147, -1.13883
0.0525, 0.0686677, -1.1833
0.055, 0.0657094, -1.22598
0.0575, 0.0626445, -1.26681
0.06, 0.0594774, -1.3057
0.0625, 0.0562132, -1.34262
0.065, 0.0528566, -1.37748
0.0675, 0.0494129, -1.41024
0.07, 0.0458873, -1.44084
0.0725, 0.0422852, -1.46923
0.075, 0.0386121, -1.49537
0.0775, 0.0348737, -1.5192
0.08, 0.0310757, -1.54069
0.0825, 0.027224, -1.55981
0.085, 0.0233245, -1.57651
0.0875, 0.0193832, -1.59077
0.09, 0.0154062, -1.60257
0.0925, 0.0113998, -1.61188
0.095, 0.00737012, -1.61868
0.0975, 0.00332342, -1.62296
0.1, -0.000733991, -1.62472
0.1025, -0.00479578, -1.62393
0.105, -0.00885561, -1.62061
0.1075, -0.0129071, -1.61475
0.11, -0.016944, -1.60636
0.1125, -0.0209599, -1.59545
0.115, -0.0249485, -1.58203
0.1175, -0.0289036, -1.56612
0.12, -0.0328189, -1.54774
0.1225, -0.0366883, -1.52692
0.125, -0.0405056, -1.50369
0.1275, -0.0442648, -1.47807
0.13, -0.04796, -1.45011
0.1325, -0.0515853, -1.41984
0.135, -0.0551349, -1.38732
0.1375, -0.0586032, -1.35258
0.14, -0.0619846, -1.31569
0.1425, -0.0652738, -1.27668
0.145, -0.0684656, -1.23563
0.1475, -0.0715546, -1.19259
0.15, -0.0745361, -1.14763
0.1525, -0.0774052, -1.10082
0.155, -0.0801572, -1.05222
0.1575, -0.0827878, -1.00191
0.16, -0.0852926, -0.949968
0.1625, -0.0876675, -0.89647
0.165, -0.0899086, -0.841498
0.1675, -0.0920124, -0.785137
0.17, -0.0939752, -0.727472
0.1725, -0.0957939, -0.668592
0.175, -0.0974654, -0.608587
0.1775, -0.0989869, -0.54755
0.18, -0.100356, -0.485573
0.1825, -0.10157, -0.422754
0.185, -0.102627, -0.359188
0.1875, -0.103525, -0.294975
0.19, -0.104262, -0.230213
0.1925, -0.104837, -0.165003
0.195, -0.10525, -0.0994469
0.1975, -0.105499, -0.0336458
0.2, -0.105583, 0.0322976
0.2025, -0.105502, 0.0982804
0.205, -0.105256, 0.164199
0.2075, -0.104846, 0.229952
0.21, -0.104271, 0.295434
0.2125, -0.103532, 0.360545
0.215, -0.102631, 0.42518
0.2175, -0.101568, 0.48924
0.22, -0.100345, 0.552622
0.2225, -0.0989634, 0.615227
0.225, -0.0974253, 0.676956
0.2275, -0.0957329, 0.737711
0.23, -0.0938886, 0.797397
0.2325, -0.0918951, 0.855918
0.235, -0.0897553, 0.913181
0.2375, -0.0874724, 0.969095
0.24, -0.0850497, 1.02357
0.2425, -0.0824907, 1.07652
0.245, -0.0797994, 1.12786
0.2475, -0.0769798, 1.17751
0.25, -0.074036, 1.22539
0.2525, -0.0709725, 1.27142
0.255, -0.0677939, 1.31552
0.2575, -0.0645051, 1.35763
0.26, -0.0611111, 1.39767
0.2625, -0.0576169, 1.43559
0.265, -0.0540279, 1.47131
0.2675, -0.0503496, 1.50479
0.27, -0.0465877, 1.53595
0.2725, -0.0427478, 1.56476
0.275, -0.0388359, 1.59117
0.2775, -0.034858, 1.61512
0.28, -0.0308202, 1.63658
0.2825, -0.0267287, 1.65552
0.285, -0.0225899, 1.67189
0.2875, -0.0184102, 1.68568
0.29, -0.014196, 1.69685
0.2925, -0.00995385, 1.70538
0.295, -0.0056904, 1.71126
0.2975, -0.00141224, 1.71448
0.3, 0.00287395, 1.71502
0.3025, 0.00716148, 1.71288
0.305, 0.0114437, 1.70806
0.3075, 0.0157138, 1.70056
0.31, 0.0199652, 1.6904
0.3125, 0.0241912, 1.67759
0.315, 0.0283852, 1.66213
0.3175, 0.0325405, 1.64406
0.32, 0.0366507, 1.62339
0.3225, 0.0407091, 1.60016
0.325, 0.0447095, 1.5744
0.3275, 0.0486455, 1.54614
0.33, 0.0525109, 1.51543
0.3325, 0.0562994, 1.4823
0.335, 0.0600052, 1.44682
0.3375, 0.0636222, 1.40903
0.34, 0.0671448, 1.36898
0.3425, 0.0705673, 1.32674
0.345, 0.0738841, 1.28237
0.3475, 0.0770901, 1.23594
0.35, 0.0801799, 1.18751
0.3525, 0.0831487, 1.13716
0.355, 0.0859916, 1.08496
0.3575, 0.088704, 1.031
0.36, 0.0912815, 0.975356
0.3625, 0.0937199, 0.91811
0.365, 0.0960151, 0.859352
0.3675, 0.0981635, 0.79917
0.37, 0.100161, 0.737658
0.3725, 0.102006, 0.67491
0.375, 0.103693, 0.611021
0.3775, 0.10522, 0.546091
0.38, 0.106586, 0.480219
0.3825, 0.107786, 0.413507
0.385, 0.10882, 0.346058
0.3875, 0.109685, 0.277976
0.39, 0.11038, 0.209367
0.3925, 0.110903, 0.140338
0.395, 0.111254, 0.0709953
0.3975, 0.111432, 0.00144712
0.4, 0.111435, -0.068198
0.4025, 0.111265, -0.137832
0.405, 0.11092, -0.207345
0.4075, 0.110402, -0.276628
0.41, 0.10971, -0.345574
0.4125, 0.108846, -0.414074
0.415, 0.107811, -0.48202
0.4175, 0.106606, -0.549306
0.42, 0.105233, -0.615825
0.4225, 0.103693, -0.681473
0.425, 0.10199, -0.746145
0.4275, 0.100124, -0.809739
0.43, 0.0981, -0.872155
0.4325, 0.0959196, -0.933293
0.435, 0.0935864, -0.993056
0.4375, 0.0911038, -1.05135
0.44, 0.0884754, -1.10808
0.4425, 0.0857052, -1.16315
0.445, 0.0827973, -1.21649
0.4475, 0.0797561, -1.26799
0.45, 0.0765861, -1.31759
0.4525, 0.0732922, -1.36519
0.455, 0.0698792, -1.41072
0.4575, 0.0663524, -1.45412
0.46, 0.0627171, -1.4953
0.4625, 0.0589788, -1.53419
0.465, 0.0551434, -1.57075
0.4675, 0.0512165, -1.6049
0.47, 0.0472042, -1.63659
0.4725, 0.0431128, -1.66576
0.475, 0.0389484, -1.69238
0.4775, 0.0347174, -1.71638
0.48, 0.0304265, -1.73774
0.4825, 0.0260821, -1.7564
0.485, 0.0216911, -1.77236
0.4875, 0.0172602, -1.78556
0.49, 0.0127963, -1.79599
0.4925, 0.00830636, -1.80363
0.495, 0.00379729, -1.80846
0.4975, -0.000723853, -1.81047
0.5, -0.00525003, -1.80965
0.5025, -0.00977416, -1.80601
0.505, -0.0142892, -1.79954
0.5075, -0.018788, -1.79025
0.51, -0.0232637, -1.77815
0.5125, -0.027709, -1.76325
0.515, -0.0321172, -1.74558
0.5175, -0.0364811, -1.72516
0.52, -0.040794, -1.70202
0.5225, -0.0450491, -1.67618
0.525, -0.0492395, -1.64769
0.5275, -0.0533587, -1.61658
0.53, -0.0574002, -1.58291
0.5325, -0.0613575, -1.54672
0.535, -0.0652243, -1.50806
0.5375, -0.0689944, -1.46699
0.54, -0.0726619, -1.42358
0.5425, -0.0762209, -1.37788
0.545, -0.0796656, -1.32997
0.5475, -0.0829905, -1.27991
0.55, -0.0861903, -1.22779
0.5525, -0.0892597, -1.17367
0.555, -0.0921939, -1.11765
0.5575, -0.094988, -1.0598
0.56, -0.0976376, -1.00023
0.5625, -0.100138, -0.939002
0.565, -0.102486, -0.876228
0.5675, -0.104676, -0.811999
0.57, -0.106706, -0.746414
0.5725, -0.108572, -0.679573
0.575, -0.110271, -0.61158
0.5775, -0.1118, -0.542538
0.58, -0.113156, -0.472554
0.5825, -0.114338, -0.401737
0.585, -0.115342, -0.330195
0.5875, -0.116168, -0.258041
0.59, -0.116813, -0.185384
0.5925, -0.117276, -0.112339
0.595, -0.117557, -0.0390189
0.5975, -0.117655, 0.034462
0.6, -0.117568, 0.107989
0.6025, -0.117298, 0.181448
0.605, -0.116845, 0.254723
0.6075, -0.116208, 0.3277
0.61, -0.115389, 0.400265
0.6125, -0.114388, 0.472303
0.615, -0.113207, 0.543701
0.6175, -0.111848, 0.614347
0.62, -0.110312, 0.684129
0.6225, -0.108602, 0.752937
0.625, -0.10672, 0.820663
0.6275, -0.104668, 0.887199
0.63, -0.10245, 0.952439
0.6325, -0.100069, 1.01628
0.635, -0.0975282, 1.07862
0.6375, -0.0948316, 1.13936
0.64, -0.0919832, 1.1984
0.6425, -0.0889872, 1.25565
0.645, -0.0858481, 1.31102
0.6475, -0.0825705, 1.36441
0.65, -0.0791595, 1.41574
0.6525, -0.0756202, 1.46493
0.655, -0.0719578, 1.5119
0.6575, -0.0681781, 1.55658
0.66, -0.0642866, 1.59888
0.6625, -0.0602894, 1.63873
0.665, -0.0561926, 1.67609
0.6675, -0.0520024, 1.71087
0.67, -0.0477252, 1.74303
0.6725, -0.0433676, 1.77251
0.675, -0.0389364, 1.79926
0.6775, -0.0344382, 1.82324
0.68, -0.0298801, 1.8444
0.6825, -0.0252691, 1.8627
0.685, -0.0206124, 1.87812
0.6875, -0.015917, 1.89063
0.69, -0.0111905, 1.9002
0.6925, -0.00643997, 1.90681
0.695, -0.00167293, 1.91046
0.6975, 0.00310322, 1.91112
0.7, 0.00788102, 1.9088
0.7025, 0.012653, 1.90349
0.705, 0.0174118, 1.8952
0.7075, 0.0221498, 1.88394
0.71, 0.0268596, 1.86972
0.7125, 0.0315339, 1.85256
0.715, 0.0361653, 1.83248
0.7175, 0.0407465, 1.80951
0.72, 0.0452703, 1.78368
0.7225, 0.0497295, 1.75503
0.725, 0.0541171, 1.7236
0.7275, 0.0584261, 1.68943
0.73, 0.0626497, 1.65258
0.7325, 0.0667811, 1.61309
0.735, 0.0708139, 1.57103
0.7375, 0.0747414, 1.52646
0.74, 0.0785576, 1.47944
0.7425, 0.0822562, 1.43005
0.745, 0.0858313, 1.37835
0.7475, 0.0892772, 1.32443
0.75, 0.0925882, 1.26837
0.7525, 0.0957592, 1.21024
0.755, 0.0987848, 1.15015
0.7575, 0.10166, 1.08818
0.76, 0.104381, 1.02443
0.7625, 0.106942, 0.958984
0.765, 0.109339, 0.891954
0.7675, 0.111569, 0.823439
0.77, 0.113628, 0.753543
0.7725, 0.115511, 0.682375
0.775, 0.117217, 0.610044
0.7775, 0.118743, 0.536661
0.78, 0.120084, 0.46234
0.7825, 0.12124, 0.387195
0.785, 0.122208, 0.311342
0.7875, 0.122986, 0.2349
0.79, 0.123574, 0.157987
0.7925, 0.123969, 0.0807216
0.795, 0.12417, 0.00322512
0.7975, 0.124178, -0.074382
0.8, 0.123992, -0.151979
0.8025, 0.123613, -0.229444
0.805, 0.123039, -0.306656
0.8075, 0.122272, -0.383494
0.81, 0.121314, -0.459837
0.8125, 0.120164, -0.535566
0.815, 0.118825, -0.610561
0.8175, 0.117299, -0.684705
0.82, 0.115587, -0.75788
0.8225, 0.113692, -0.82997
0.825, 0.111617, -0.900862
0.8275, 0.109365, -0.970442
0.83, 0.106939, -1.0386
0.8325, 0.104343, -1.10523
0.835, 0.101579, -1.17022
0.8375, 0.0986539, -1.23348
0.84, 0.0955702, -1.29489
0.8425, 0.092333, -1.35436
0.845, 0.0889471, -1.4118
0.8475, 0.0854176, -1.46711
0.85, 0.0817498, -1.5202
0.8525, 0.0779493, -1.57099
0.855, 0.0740218, -1.61939
0.8575, 0.0699733, -1.66533
0.86, 0.06581, -1.70873
0.8625, 0.0615382, -1.74952
0.865, 0.0571644, -1.78763
0.8675, 0.0526953, -1.82301
0.87, 0.0481378, -1.85558
0.8725, 0.0434988, -1.88529
0.875, 0.0387856, -1.9121
0.8775, 0.0340053, -1.93596
0.88, 0.0291654, -1.95682
0.8825, 0.0242734, -1.97466
0.885, 0.0193367, -1.98944
0.8875, 0.0143631, -2.00113
0.89, 0.00936033, -2.0097
0.8925, 0.00433607, -2.01515
0.895, -0.000701804, -2.01746
0.8975, -0.00574545, -2.01661
0.9, -0.010787, -2.01262
0.9025, -0.0158185, -2.00548
0.905, -0.0208322, -1.99519
0.9075, -0.0258202, -1.98177
0.91, -0.0307746, -1.96524
0.9125, -0.0356877, -1.94561
0.915, -0.0405517, -1.92291
0.9175, -0.045359, -1.89718
0.92, -0.050102, -1.86846
0.9225, -0.0547731, -1.83677
0.925, -0.059365, -1.80217
0.9275, -0.0638705, -1.7647
0.93, -0.0682822, -1.72443
0.9325, -0.0725933, -1.68141
0.935, -0.0767968, -1.6357
0.9375, -0.0808861, -1.58738
0.94, -0.0848545, -1.53651
0.9425, -0.0886958, -1.48317
0.945, -0.0924037, -1.42743
0.9475, -0.0959723, -1.3694
0.95, -0.0993958, -1.30914
0.9525, -0.102669, -1.24676
0.955, -0.105786, -1.18234
0.9575, -0.108741, -1.11599
0.96, -0.111531, -1.0478
0.9625, -0.114151, -0.977883
0.965, -0.116596, -0.906343
0.9675, -0.118861, -0.83329
0.97, -0.120945, -0.758835
0.9725, -0.122842, -0.683093
0.975, -0.124549, -0.60618
0.9775, -0.126065, -0.528215
0.98, -0.127385, -0.449319
0.9825, -0.128509, -0.369613
0.985, -0.129433, -0.289221
0.9875, -0.130156, -0.208268
0.99, -0.130677, -0.126879
0.9925, -0.130994, -0.0451809
0.995, -0.131107, 0.0366992
0.9975, -0.131015, 0.118634
1, -0.130718, 0.200494
1.0025, -0.130217, 0.282153
1.005, -0.129512, 0.363482
1.0075, -0.128603, 0.444354
1.01, -0.127492, 0.524642
1.0125, -0.126181, 0.60422
1.015, -0.12467, 0.682962
1.0175, -0.122963, 0.760744
1.02, -0.121061, 0.837444
1.0225, -0.118967, 0.912939
1.025, -0.116685, 0.987111
1.0275, -0.114217, 1.05984
1.03, -0.111567, 1.13102
1.0325, -0.10874, 1.20052
1.035, -0.105739, 1.26824
1.0375, -0.102568, 1.33407
1.04, -0.0992327, 1.39791
1.0425, -0.095738, 1.45965
1.045, -0.0920888, 1.5192
1.0475, -0.0882908, 1.57645
1.05, -0.0843497, 1.63132
1.0525, -0.0802714, 1.68371
1.055, -0.0760622, 1.73354
1.0575, -0.0717283, 1.78073
1.06, -0.0672765, 1.82521
1.0625, -0.0627135, 1.86689
1.065, -0.0580462, 1.90571
1.0675, -0.053282, 1.94161
1.07, -0.0484279, 1.97452
1.0725, -0.0434916, 2.0044
1.075, -0.0384806, 2.03118
1.0775, -0.0334027, 2.05482
1.08, -0.0282656, 2.07529
1.0825, -0.0230774, 2.09254
1.085, -0.0178461, 2.10654
1.0875, -0.0125797, 2.11727
1.09, -0.00728655, 2.12471
1.0925, -0.00197476, 2.12884
1.095, 0.00334734, 2.12965
1.0975, 0.00867147, 2.12713
1.1, 0.0139893, 2.12129
1.1025, 0.0192925, 2.11212
1.105, 0.0245728, 2.09964
1.1075, 0.0298219, 2.08386
1.11, 0.0350316, 2.06481
1.1125, 0.0401936, 2.0425
1.115, 0.0452998, 2.01697
1.1175, 0.0503423, 1.98825
1.12, 0.0553129, 1.95639
1.1225, 0.0602039, 1.92143
1.125, 0.0650075, 1.88342
1.1275, 0.069716, 1.84241
1.13, 0.074322, 1.79847
1.1325, 0.0788182, 1.75166
1.135, 0.0831974, 1.70205
1.1375, 0.0874525, 1.64971
1.14, 0.0915768, 1.59472
1.1425, 0.0955636, 1.53717
1.145, 0.0994065, 1.47713
1.1475, 0.103099, 1.41471
1.15, 0.106636, 1.34999
1.1525, 0.110011, 1.28307
1.155, 0.113219, 1.21406
1.1575, 0.116254, 1.14305
1.16, 0.119112, 1.07017
1.1625, 0.121787, 0.995507
1.165, 0.124276, 0.919191
1.1675, 0.126574, 0.841335
1.17, 0.128677, 0.762058
1.1725, 0.130582, 0.681482
1.175, 0.132286, 0.599732
1.1775, 0.133785, 0.516934
1.18, 0.135078, 0.433215
1.1825, 0.136161, 0.348704
1.185, 0.137032, 0.263534
1.1875, 0.137691, 0.177836
1.19, 0.138136, 0.0917439
1.1925, 0.138365, 0.00539072
1.195, 0.138379, -0.0810886
1.1975, 0.138176, -0.167559
1.2, 0.137757, -0.253885
1.2025, 0.137122, -0.339933
1.205, 0.136272, -0.425566
1.2075, 0.135209, -0.510651
1.21, 0.133932, -0.595054
1.2125, 0.132444, -0.678643
1.215, 0.130748, -0.761285
1.2175, 0.128844, -0.84285
1.22, 0.126737, -0.923209
1.2225, 0.124429, -1.00224
1.225, 0.121924, -1.0798
1.2275, 0.119224, -1.15579
1.23, 0.116335, -1.23007
1.2325, 0.11326, -1.30254
1.235, 0.110003, -1.37306
1.2375, 0.106571, -1.44154
1.24, 0.102967, -1.50786
1.2425, 0.099197, -1.57191
1.245, 0.0952673, -1.6336
1.2475, 0.0911833, -1.69281
1.25, 0.0869512, -1.74946
1.2525, 0.0825776, -1.80346
1.255, 0.0780689, -1.85471
1.2575, 0.0734322, -1.90313
1.26, 0.0686744, -1.94864
1.2625, 0.0638028, -1.99117
1.265, 0.0588248, -2.03065
1.2675, 0.0537482, -2.06701
1.27, 0.0485806, -2.10019
1.2725, 0.0433302, -2.13013
1.275, 0.0380048, -2.15679
1.2775, 0.0326129, -2.18011
1.28, 0.0271626, -2.20006
1.2825, 0.0216624, -2.2166
1.285, 0.0161209, -2.22969
1.2875, 0.0105467, -2.23932
1.29, 0.00494841, -2.24546
1.2925, -0.000665252, -2.24811
1.295, -0.00628552, -2.24724
1.2975, -0.0119036, -2.24287
1.3, -0.0175108, -2.23498
1.3025, -0.0230982, -2.22359
1.305, -0.0286572, -2.2087
1.3075, -0.034179, -2.19035
1.31, -0.0396548, -2.16855
1.3125, -0.0450762, -2.14333
1.315, -0.0504346, -2.11473
1.3175, -0.0557214, -2.08279
1.32, -0.0609284, -2.04755
1.3225, -0.0660472, -2.00906
1.325, -0.0710699, -1.96737
1.3275, -0.0759883, -1.92256
1.33, -0.0807947, -1.87469
1.3325, -0.0854814, -1.82381
1.335, -0.0900409, -1.77002
1.3375, -0.094466, -1.71339
1.34, -0.0987495, -1.65401
1.3425, -0.102885, -1.59196
1.345, -0.106864, -1.52734
1.3475, -0.110683, -1.46024
1.35, -0.114333, -1.39077
1.3525, -0.11781, -1.31904
1.355, -0.121108, -1.24514
1.3575, -0.124221, -1.1692
1.36, -0.127144, -1.09133
1.3625, -0.129872, -1.01165
1.365, -0.132401, -0.930274
1.3675, -0.134727, -0.847337
1.37, -0.136845, -0.762963
1.3725, -0.138753, -0.677283
1.375, -0.140446, -0.590427
1.3775, -0.141922, -0.50253
1.38, -0.143178, -0.413728
1.3825, -0.144213, -0.324159
1.385, -0.145023, -0.233961
1.3875, -0.145608, -0.143275
1.39, -0.145966, -0.0522417
1.3925, -0.146097, 0.0389975
1.395, -0.145999, 0.1303
1.3975, -0.145673, 0.221524
1.4, -0.14512, 0.312525
1.4025, -0.144338, 0.403162
1.405, -0.14333, 0.493293
1.4075, -0.142097, 0.582776
1.41, -0.14064, 0.67147
1.4125, -0.138962, 0.759236
1.415, -0.137063, 0.845935
1.4175, -0.134949, 0.931431
1.42, -0.13262, 1.01559
1.4225, -0.130081, 1.09827
1.425, -0.127335, 1.17935
1.4275, -0.124387, 1.2587
1.43, -0.12124, 1.33619
1.4325, -0.1179, 1.4117
1.435, -0.114371, 1.4851
1.4375, -0.110658, 1.55629
1.44, -0.106767, 1.62514
1.4425, -0.102704, 1.69154
1.445, -0.0984753, 1.75539
1.4475, -0.0940868, 1.81659
1.45, -0.0895454, 1.87503
1.4525, -0.0848578, 1.93062
1.455, -0.0800312, 1.98327
1.4575, -0.075073, 2.0329
1.46, -0.0699908, 2.07941
1.4625, -0.0647923, 2.12274
1.465, -0.0594854, 2.16281
1.4675, -0.0540784, 2.19955
1.47, -0.0485795, 2.23291
1.4725, -0.0429972, 2.26283
1.475, -0.0373402, 2.28925
1.4775, -0.0316171, 2.31213
1.48, -0.0258367, 2.33143
1.4825, -0.0200082, 2.34711
1.485, -0.0141404, 2.35915
1.4875, -0.00824252, 2.36751
1.49, -0.00232374, 2.37219
1.4925, 0.00360673, 2.37317
1.495, 0.00953965, 2.37044
1.4975, 0.0154657, 2.364
1.5, 0.0213758, 2.35386
1.5025, 0.0272604, 2.34003
1.505, 0.0331105, 2.32253
1.5075, 0.0389168, 2.30137
1.51, 0.0446702, 2.27658
1.5125, 0.0503617, 2.24821
1.515, 0.0559822, 2.21628
1.5175, 0.0615229, 2.18085
1.52, 0.0669751, 2.14196
1.5225, 0.07233, 2.09968
1.525, 0.0775792, 2.05405
1.5275, 0.0827143, 2.00515
1.53, 0.0877272, 1.95306
1.5325, 0.0926098, 1.89784
1.535, 0.0973544, 1.83957
1.5375, 0.101953, 1.77836
1.54, 0.106399, 1.71428
1.5425, 0.110685, 1.64744
1.545, 0.114804, 1.57793
1.5475, 0.118748, 1.50587
1.55, 0.122513, 1.43135
1.5525, 0.126091, 1.35449
1.555, 0.129478, 1.27541
1.5575, 0.132666, 1.19423
1.56, 0.135652, 1.11108
1.5625, 0.138429, 1.02607
1.565, 0.140995, 0.93935
1.5675, 0.143343, 0.851041
1.57, 0.145471, 0.761281
1.5725, 0.147374, 0.67021
1.575, 0.149049, 0.577967
1.5775, 0.150494, 0.484696
1.58, 0.151706, 0.39054
1.5825, 0.152682, 0.295645
1.585, 0.153421, 0.20016
1.5875, 0.153922, 0.104231
1.59, 0.154182, 0.00800931
1.5925, 0.154202, -0.0883563
1.595, 0.153982, -0.184715
1.5975, 0.15352, -0.280917
1.6, 0.152817, -0.37681
1.6025, 0.151875, -0.472246
1.605, 0.150695, -0.567074
1.6075, 0.149277, -0.661145
1.61, 0.147624, -0.754311
1.6125, 0.145739, -0.846425
1.615, 0.143622, -0.937342
1.6175, 0.141279, -1.02692
1.62, 0.138712, -1.11501
1.6225, 0.135924, -1.20148
1.625, 0.132921, -1.2862
1.6275, 0.129705, -1.36902
1.63, 0.126283, -1.44981
1.6325, 0.122658, -1.52844
1.635, 0.118837, -1.6048
1.6375, 0.114825, -1.67875
1.64, 0.110628, -1.75018
1.6425, 0.106253, -1.81897
1.645, 0.101705, -1.88502
1.6475, 0.0969926, -1.94821
1.65, 0.0921221, -2.00844
1.6525, 0.087101, -2.06561
1.655, 0.081937, -2.11964
1.6575, 0.0766379, -2.17042
1.66, 0.0712118, -2.21789
1.6625, 0.0656671, -2.26195
1.665, 0.0600122, -2.30254
1.6675, 0.0542559, -2.33959
1.67, 0.0484069, -2.37303
1.6725, 0.0424743, -2.40281
1.675, 0.0364673, -2.42888
1.6775, 0.0303951, -2.45118
1.68, 0.0242671, -2.46969
1.6825, 0.0180929, -2.48436
1.685, 0.011882, -2.49517
1.6875, 0.00564408, -2.5021
1.69, -0.000611171, -2.50513
1.6925, -0.00687399, -2.50424
1.695, -0.0131346, -2.49945
1.6975, -0.0193832, -2.49074
1.7, -0.0256101, -2.47813
1.7025, -0.0318054, -2.46162
1.705, -0.0379594, -2.44125
1.7075, -0.0440626, -2.41704
1.71, -0.0501052, -2.38902
1.7125, -0.0560777, -2.35722
1.715, -0.0619708, -2.3217
1.7175, -0.067775, -2.28251
1.72, -0.0734813, -2.23969
1.7225, -0.0790805, -2.19332
1.725, -0.0845638, -2.14345
1.7275, -0.0899225, -2.09017
1.73, -0.0951479, -2.03355
1.7325, -0.100232, -1.97368
1.735, -0.105166, -1.91064
1.7375, -0.109943, -1.84453
1.74, -0.114554, -1.77545
1.7425, -0.118993, -1.70349
1.745, -0.123251, -1.62878
1.7475, -0.127323, -1.55143
1.75, -0.131202, -1.47154
1.7525, -0.134881, -1.38924
1.755, -0.138354, -1.30467
1.7575, -0.141615, -1.21793
1.76, -0.14466, -1.12918
1.7625, -0.147483, -1.03854
1.765, -0.15008, -0.946157
1.7675, -0.152445, -0.852168
1.77, -0.154575, -0.756719
1.7725, -0.156467, -0.659958
1.775, -0.158117, -0.562034
1.7775, -0.159522, -0.463099
1.78, -0.16068, -0.363305
1.7825, -0.161588, -0.262807
1.785, -0.162245, -0.161762
1.7875, -0.16265, -0.0603264
1.79, -0.1628, 0.0413416
1.7925, -0.162697, 0.143084
1.795, -0.162339, 0.244741
1.7975, -0.161727, 0.346154
1.8, -0.160862, 0.447164
1.8025, -0.159744, 0.547614
1.805, -0.158375, 0.647344
1.8075, -0.156757, 0.746199
1.81, -0.154891, 0.844023
1.8125, -0.152781, 0.940661
1.815, -0.15043, 1.03596
1.8175, -0.14784, 1.12977
1.82, -0.145015, 1.22195
1.8225, -0.14196, 1.31234
1.825, -0.13868, 1.4008
1.8275, -0.135178, 1.48719
1.83, -0.13146, 1.57138
1.8325, -0.127531, 1.65323
1.835, -0.123398, 1.73261
1.8375, -0.119067, 1.80938
1.84, -0.114543, 1.88344
1.8425, -0.109834, 1.95465
1.845, -0.104948, 2.02291
1.8475, -0.0998906, 2.08809
1.85, -0.0946703, 2.15011
1.8525, -0.089295, 2.20885
1.855, -0.0837729, 2.26422
1.8575, -0.0781124, 2.31612
1.86, -0.0723221, 2.36448
1.8625, -0.0664109, 2.40921
1.865, -0.0603879, 2.45023
1.8675, -0.0542623, 2.48748
1.87, -0.0480436, 2.5209
1.8725, -0.0417413, 2.55042
1.875, -0.0353653, 2.576
1.8775, -0.0289253, 2.59759
1.88, -0.0224313, 2.61515
1.8825, -0.0158934, 2.62864
1.885, -0.00932183, 2.63805
1.8875, -0.0027267, 2.64335
1.89, 0.00388168, 2.64453
1.8925, 0.010493, 2.64157
1.895, 0.0170969, 2.63448
1.8975, 0.0236831, 2.62327
1.9, 0.0302413, 2.60795
1.9025, 0.0367612, 2.58852
1.905, 0.0432325, 2.56503
1.9075, 0.0496451, 2.5375
1.91, 0.0559888, 2.50596
1.9125, 0.0622537, 2.47047
1.915, 0.0684299, 2.43106
1.9175, 0.0745075, 2.38781
1.92, 0.0804771, 2.34076
1.9225, 0.086329, 2.29
1.925, 0.092054, 2.23558
1.9275, 0.0976429, 2.1776
1.93, 0.103087, 2.11614
1.9325, 0.108377, 2.05129
1.935, 0.113506, 1.98314
1.9375, 0.118463, 1.91181
1.94, 0.123243, 1.83738
1.9425, 0.127836, 1.75999
1.945, 0.132236, 1.67974
1.9475, 0.136436, 1.59676
1.95, 0.140428, 1.51116
1.9525, 0.144205, 1.42309
1.955, 0.147763, 1.33268
1.9575, 0.151095, 1.24006
1.96, 0.154195, 1.14538
1.9625, 0.157058, 1.04878
1.965, 0.15968, 0.950408
1.9675, 0.162056, 0.850418
1.97, 0.164183, 0.748963
1.9725, 0.166055, 0.646199
1.975, 0.16767, 0.542285
1.9775, 0.169026, 0.437383
1.98, 0.17012, 0.331654
1.9825, 0.170949, 0.225263
1.985, 0.171512, 0.118375
1.9875, 0.171808, 0.0111562
1.99, 0.171836, -0.0962259
1.9925, 0.171595, -0.203604
1.995, 0.171086, -0.31081
1.9975, 0.170309, -0.417677
2, 0.169265, -0.524037
2.0025, 0.167955, -0.629722
2.005, 0.166381, -0.734568
2.0075, 0.164544, -0.838409
2.01, 0.162448, -0.941081
2.0125, 0.160095, -1.04242
2.015, 0.157489, -1.14227
2.0175, 0.154634, -1.24048
2.02, 0.151532, -1.33687
2.0225, 0.14819, -1.43132
2.025, 0.144612, -1.52365
2.0275, 0.140803, -1.61373
2.03, 0.136769, -1.7014
2.0325, 0.132515, -1.78654
2.035, 0.128049, -1.86901
2.0375, 0.123376, -1.94867
2.04, 0.118504, -2.02539
2.0425, 0.113441, -2.09905
2.045, 0.108193, -2.16953
2.0475, 0.10277, -2.23671
2.05, 0.0971778, -2.3005
2.0525, 0.0914265, -2.36077
2.055, 0.0855246, -2.41744
2.0575, 0.079481, -2.47041
2.06, 0.073305, -2.51959
2.0625, 0.067006, -2.56491
2.065, 0.0605937, -2.60627
2.0675, 0.054078, -2.64362
2.07, 0.047469, -2.67689
2.0725, 0.0407768, -2.70602
2.075, 0.0340117, -2.73097
2.0775, 0.0271843, -2.75168
2.08, 0.0203051, -2.76812
2.0825, 0.0133848, -2.78026
2.085, 0.00643413, -2.78807
2.0875, -0.00053603, -2.79153
2.09, -0.00751485, -2.79064
2.0925, -0.0144914, -2.78538
2.095, -0.0214549, -2.77577
2.0975, -0.0283943, -2.7618
2.1, -0.0352988, -2.7435
2.1025, -0.0421576, -2.72089
2.105, -0.0489598, -2.694
2.1075, -0.0556948, -2.66286
2.11, -0.062352, -2.62752
2.1125, -0.0689208, -2.58802
2.115, -0.0753908, -2.54443
2.1175, -0.0817519, -2.4968
2.12, -0.0879939, -2.44521
2.1225, -0.0941069, -2.38972
2.125, -0.100081, -2.33043
2.1275, -0.105907, -2.26741
2.13, -0.111576, -2.20077
2.1325, -0.117078, -2.13059
2.135, -0.122404, -2.05699
2.1375, -0.127547, -1.98008
2.14, -0.132497, -1.89997
2.1425, -0.137247, -1.81677
2.145, -0.141789, -1.73063
2.1475, -0.146115, -1.64167
2.15, -0.15022, -1.55002
2.1525, -0.154095, -1.45582
2.155, -0.157734, -1.35922
2.1575, -0.161132, -1.26036
2.16, -0.164283, -1.1594
2.1625, -0.167182, -1.0565
2.165, -0.169823, -0.951796
2.1675, -0.172202, -0.845466
2.17, -0.174316, -0.737671
2.1725, -0.17616, -0.628576
2.175, -0.177732, -0.51835
2.1775, -0.179027, -0.407164
2.18, -0.180045, -0.29519
2.1825, -0.180783, -0.182603
2.185, -0.18124, -0.0695769
2.1875, -0.181414, 0.043712
2.19, -0.181305, 0.157087
2.1925, -0.180912, 0.270371
2.195, -0.180236, 0.383387
2.1975, -0.179277, 0.495957
2.2, -0.178038, 0.607907
2.2025, -0.176518, 0.719058
2.205, -0.17472, 0.829238
2.2075, -0.172647, 0.938272
2.21, -0.170301, 1.04599
2.2125, -0.167686, 1.15222
2.215, -0.164806, 1.25679
2.2175, -0.161664, 1.35954
2.22, -0.158265, 1.46031
2.2225, -0.154614, 1.55894
2.225, -0.150717, 1.65526
2.2275, -0.146579, 1.74912
2.23, -0.142206, 1.84039
2.2325, -0.137605, 1.9289
2.235, -0.132783, 2.01451
2.2375, -0.127746, 2.0971
2.24, -0.122504, 2.17652
2.2425, -0.117062, 2.25265
2.245, -0.111431, 2.32537
2.2475, -0.105617, 2.39454
2.25, -0.0996309, 2.46008
2.2525, -0.0934807, 2.52185
2.255, -0.0871761, 2.57978
2.2575, -0.0807267, 2.63374
2.26, -0.0741423, 2.68367
2.2625, -0.0674331, 2.72947
2.265, -0.0606095, 2.77107
2.2675, -0.0536818, 2.8084
2.27, -0.0466608, 2.84139
2.2725, -0.0395573, 2.86998
2.275, -0.0323823, 2.89413
2.2775, -0.025147, 2.91379
2.28, -0.0178625, 2.92893
2.2825, -0.0105402, 2.93951
2.285, -0.00319142, 2.94551
2.2875, 0.00417234, 2.94691
2.29, 0.0115396, 2.94371
2.2925, 0.0188989, 2.93591
2.295, 0.0262387, 2.92351
2.2975, 0.0335475, 2.90653
2.3, 0.0408138, 2.88498
2.3025, 0.0480263, 2.8589
2.305, 0.0551735, 2.82831
2.3075, 0.0622443, 2.79326
2.31, 0.0692274, 2.7538
2.3125, 0.0761119, 2.70998
2.315, 0.0828869, 2.66187
2.3175, 0.0895415, 2.60953
2.32, 0.0960654, 2.55305
2.3225, 0.102448, 2.49249
2.325, 0.108679, 2.42797
2.3275, 0.114749, 2.35956
2.33, 0.120648, 2.28737
2.3325, 0.126366, 2.2115
2.335, 0.131895, 2.13208
2.3375, 0.137225, 2.04922
2.34, 0.142348, 1.96305
2.3425, 0.147256, 1.87369
2.345, 0.15194, 1.78128
2.3475, 0.156393, 1.68596
2.35, 0.160608, 1.58787
2.3525, 0.164578, 1.48718
2.355, 0.168296, 1.38402
2.3575, 0.171756, 1.27855
2.36, 0.174952, 1.17095
2.3625, 0.17788, 1.06137
2.365, 0.180533, 0.949985
2.3675, 0.182908, 0.836962
2.37, 0.185001, 0.722477
2.3725, 0.186807, 0.606707
2.375, 0.188324, 0.489831
2.3775, 0.189548, 0.372031
2.38, 0.190478, 0.253489
2.3825, 0.191112, 0.13439
2.385, 0.191448, 0.0149178
2.3875, 0.191485, -0.10474
2.39, 0.191223, -0.224397
2.3925, 0.190662, -0.343867
2.395, 0.189803, -0.462962
2.3975, 0.188645, -0.581496
2.4, 0.187192, -0.699283
2.4025, 0.185443, -0.816138
2.405, 0.183403, -0.931877
2.4075, 0.181073, -1.04632
2.41, 0.178457, -1.15928
2.4125, 0.175559, -1.27058
2.415, 0.172383, -1.38005
2.4175, 0.168933, -1.48752
2.42, 0.165214, -1.5928
2.4225, 0.161232, -1.69574
2.425, 0.156993, -1.79617
2.4275, 0.152502, -1.89393
2.43, 0.147767, -1.98887
2.4325, 0.142795, -2.08083
2.435, 0.137593, -2.16966
2.4375, 0.132169, -2.25522
2.44, 0.126531, -2.33737
2.4425, 0.120687, -2.41599
2.445, 0.114647, -2.49093
2.4475, 0.10842, -2.56209
2.45, 0.102015, -2.62934
2.4525, 0.0954415, -2.69257
2.455, 0.0887101, -2.75169
2.4575, 0.0818309, -2.80658
2.46, 0.0748144, -2.85716
2.4625, 0.0676715, -2.90335
2.465, 0.0604132, -2.94506
2.4675, 0.0530505, -2.98223
2.47, 0.0455949, -3.01479
2.4725, 0.0380579, -3.04269
2.475, 0.0304512, -3.06587
2.4775, 0.0227865, -3.08428
2.48, 0.0150758, -3.09791
2.4825, 0.00733106, -3.10671
2.485, -0.00043572, -3.11067
2.4875, -0.0082124, -3.10978
2.49, -0.0159868, -3.10402
2.4925, -0.0237469, -3.09341
2.495, -0.0314804, -3.07795
2.4975, -0.0391753, -3.05766
2.5, -0.0468195, -3.03256
2.5025, -0.0544009, -3.00269
2.505, -0.0619076, -2.96809
2.5075, -0.0693278, -2.92881
2.51, -0.0766499, -2.88489
2.5125, -0.0838621, -2.83641
2.515, -0.0909531, -2.78343
2.5175, -0.0979117, -2.72603
2.52, -0.104727, -2.66429
2.5225, -0.111387, -2.5983
2.525, -0.117883, -2.52816
2.5275, -0.124204, -2.45398
2.53, -0.130339, -2.37586
2.5325, -0.136278, -2.29392
2.535, -0.142013, -2.20829
2.5375, -0.147534, -2.11909
2.54, -0.152831, -2.02646
2.5425, -0.157898, -1.93053
2.545, -0.162724, -1.83146
2.5475, -0.167303, -1.72939
2.55, -0.171626, -1.62448
2.5525, -0.175687, -1.51689
2.555, -0.17948, -1.40678
2.5575, -0.182996, -1.29433
2.56, -0.186232, -1.1797
2.5625, -0.189182, -1.06307
2.565, -0.191839, -0.944614
2.5675, -0.194201, -0.824526
2.57, -0.196262, -0.702985
2.5725, -0.19802, -0.580181
2.575, -0.19947, -0.456303
2.5775, -0.200611, -0.331543
2.58, -0.20144, -0.206095
2.5825, -0.201955, -0.0801538
2.585, -0.202155, 0.046084
2.5875, -0.20204, 0.172422
2.59, -0.201609, 0.298662
2.5925, -0.200862, 0.424608
2.595, -0.199801, 0.550062
2.5975, -0.198426, 0.674828
2.6, -0.196739, 0.798709
2.6025, -0.194742, 0.921511
2.605, -0.192438, 1.04304
2.6075, -0.18983, 1.1631
2.61, -0.186923, 1.28152
2.6125, -0.183719, 1.39809
2.615, -0.180224, 1.51263
2.6175, -0.176442, 1.62497
2.62, -0.17238, 1.73492
2.6225, -0.168042, 1.84231
2.625, -0.163437, 1.94697
2.6275, -0.158569, 2.04873
2.63, -0.153447, 2.14742
2.6325, -0.148079, 2.2429
2.635, -0.142472, 2.335
2.6375, -0.136634, 2.42358
2.64, -0.130575, 2.50849
2.6425, -0.124304, 2.5896
2.645, -0.11783, 2.66677
2.6475, -0.111163, 2.73988
2.65, -0.104313, 2.80881
2.6525, -0.0972912, 2.87344
2.655, -0.0901076, 2.93367
2.6575, -0.0827735, 2.9894
2.66, -0.0753, 3.04054
2.6625, -0.0676986, 3.08699
2.665, -0.0599811, 3.12869
2.6675, -0.0521594, 3.16555
2.67, -0.0442455, 3.19752
2.6725, -0.0362517, 3.22453
2.675, -0.0281904, 3.24654
2.6775, -0.0200741, 3.26351
2.68, -0.0119153, 3.27541
2.6825, -0.00372676, 3.2822
2.685, 0.00447874, 3.28387
2.6875, 0.0126884, 3.28041
2.69, 0.0208895, 3.27183
2.6925, 0.029069, 3.25812
2.695, 0.0372143, 3.2393
2.6975, 0.0453126, 3.21539
2.7, 0.053351, 3.18643
2.7025, 0.0613171, 3.15245
2.705, 0.0691982, 3.11349
2.7075, 0.076982, 3.06962
2.71, 0.084656, 3.02089
2.7125, 0.0922083, 2.96738
2.715, 0.0996267, 2.90916
2.7175, 0.1069, 2.84631
2.72, 0.114015, 2.77893
2.7225, 0.120963, 2.70711
2.725, 0.12773, 2.63097
2.7275, 0.134308, 2.55061
2.73, 0.140684, 2.46616
2.7325, 0.14685, 2.37774
2.735, 0.152794, 2.28548
2.7375, 0.158508, 2.18953
2.74, 0.163982, 2.09002
2.7425, 0.169207, 1.98711
2.745, 0.174174, 1.88096
2.7475, 0.178877, 1.77173
2.75, 0.183306, 1.65957
2.7525, 0.187455, 1.54468
2.755, 0.191317, 1.42721
2.7575, 0.194885, 1.30735
2.76, 0.198153, 1.18529
2.7625, 0.201116, 1.0612
2.765, 0.203769, 0.935293
2.7675, 0.206108, 0.80775
2.77, 0.208127, 0.678771
2.7725, 0.209824, 0.548556
2.775, 0.211195, 0.417306
2.7775, 0.212239, 0.285225
2.78, 0.212952, 0.152519
2.7825, 0.213333, 0.0193938
2.785, 0.213381, -0.113943
2.7875, 0.213097, -0.247284
2.79, 0.212478, -0.38042
2.7925, 0.211527, -0.513143
2.795, 0.210245, -0.645245
2.7975, 0.208631, -0.776518
2.8, 0.20669, -0.906758
2.8025, 0.204423, -1.03576
2.805, 0.201834, -1.16332
2.8075, 0.198926, -1.28923
2.81, 0.195702, -1.4133
2.8125, 0.192169, -1.53533
2.815, 0.188331, -1.65513
2.8175, 0.184193, -1.7725
2.82, 0.179762, -1.88727
2.8225, 0.175044, -1.99924
2.825, 0.170045, -2.10825
2.8275, 0.164775, -2.2141
2.83, 0.15924, -2.31665
2.8325, 0.153448, -2.41571
2.835, 0.147409, -2.51113
2.8375, 0.141131, -2.60276
2.84, 0.134624, -2.69044
2.8425, 0.127898, -2.77405
2.845, 0.120963, -2.85343
2.8475, 0.113829, -2.92846
2.85, 0.106508, -2.99902
2.8525, 0.0990106, -3.06498
2.855, 0.0913481, -3.12625
2.8575, 0.0835325, -3.18272
2.86, 0.0755757, -3.23429
2.8625, 0.0674899, -3.28088
2.865, 0.0592878, -3.3224
2.8675, 0.0509817, -3.35879
2.87, 0.0425848, -3.38999
2.8725, 0.0341098, -3.41592
2.875, 0.02557, -3.43656
2.8775, 0.0169786, -3.45185
2.88, 0.00834896, -3.46177
2.8825, -0.00030547, -3.4663
2.885, -0.00897122, -3.46541
2.8875, -0.0176348, -3.45911
2.89, -0.0262825, -3.4474
2.8925, -0.034901, -3.43029
2.895, -0.0434768, -3.40779
2.8975, -0.0519962, -3.37993
2.9, -0.0604461, -3.34676
2.9025, -0.0688129, -3.30831
2.905, -0.0770837, -3.26464
2.9075, -0.0852453, -3.21581
2.91, -0.0932848, -3.16189
2.9125, -0.10119, -3.10295
2.915, -0.108947, -3.03909
2.9175, -0.116545, -2.97039
2.92, -0.123971, -2.89695
2.9225, -0.131213, -2.81889
2.925, -0.13826, -2.73632
2.9275, -0.145101, -2.64936
2.93, -0.151724, -2.55814
2.9325, -0.15812, -2.4628
2.935, -0.164277, -2.36349
2.9375, -0.170186, -2.26034
2.94, -0.175836, -2.15352
2.9425, -0.18122, -2.04319
2.945, -0.186328, -1.92952
2.9475, -0.191152, -1.81268
2.95, -0.195684, -1.69285
2.9525, -0.199916, -1.57021
2.955, -0.203841, -1.44495
2.9575, -0.207454, -1.31726
2.96, -0.210747, -1.18734
2.9625, -0.213715, -1.05538
2.965, -0.216354, -0.921598
2.9675, -0.218658, -0.786193
2.97, -0.220623, -0.649375
2.9725, -0.222247, -0.511355
2.975, -0.223525, -0.372349
2.9775, -0.224456, -0.232571
2.98, -0.225037, -0.0922398
2.9825, -0.225268, 0.048427
2.985, -0.225147, 0.18921
2.9875, -0.224674, 0.329889
2.99, -0.223849, 0.470244
2.9925, -0.222673, 0.610055
2.995, -0.221148, 0.749104
2.9975, -0.219276, 0.887172
3, -0.217058, 1.02404
3.0025, -0.214498, 1.1595
3.005, -0.211599, 1.29333
3.0075, -0.208365, 1.42532
3.01, -0.204802, 1.55526
3.0125, -0.200914, 1.68295
3.015, -0.196707, 1.80819
3.0175, -0.192186, 1.93077
3.02, -0.187359, 2.0505
3.0225, -0.182233, 2.16719
3.025, -0.176815, 2.28065
3.0275, -0.171113, 2.3907
3.03, -0.165137, 2.49717
3.0325, -0.158894, 2.59988
3.035, -0.152394, 2.69867
3.0375, -0.145647, 2.79338
3.04, -0.138664, 2.88385
3.0425, -0.131454, 2.96993
3.045, -0.124029, 3.0515
3.0475, -0.116401, 3.12841
3.05, -0.10858, 3.20053
3.0525, -0.100578, 3.26775
3.055, -0.092409, 3.32996
3.0575, -0.0840841, 3.38705
3.06, -0.0756165, 3.43893
3.0625, -0.0670192, 3.4855
3.065, -0.0583054, 3.52669
3.0675, -0.0494887, 3.56242
3.07, -0.0405826, 3.59264
3.0725, -0.031601, 3.61729
3.075, -0.0225578, 3.63632
3.0775, -0.013467, 3.64969
3.08, -0.00434279, 3.65737
3.0825, 0.00480065, 3.65936
3.085, 0.013949, 3.65562
3.0875, 0.0230881, 3.64618
3.09, 0.0322035, 3.63102
3.0925, 0.0412811, 3.61016
3.095, 0.0503065, 3.58364
3.0975, 0.0592656, 3.55148
3.1, 0.0681443, 3.51373
3.1025, 0.0769286, 3.47044
3.105, 0.0856047, 3.42166
3.1075, 0.0941589, 3.36748
3.11, 0.102578, 3.30795
3.1125, 0.110847, 3.24318
3.115, 0.118955, 3.17325
3.1175, 0.126889, 3.09827
3.12, 0.134634, 3.01835
3.1225, 0.14218, 2.9336
3.125, 0.149514, 2.84415
3.1275, 0.156624, 2.75013
3.13, 0.1635, 2.65169
3.1325, 0.170129, 2.54897
3.135, 0.176501, 2.44213
3.1375, 0.182607, 2.33133
3.14, 0.188435, 2.21674
3.1425, 0.193977, 2.09852
3.145, 0.199223, 1.97686
3.1475, 0.204165, 1.85195
3.15, 0.208795, 1.72398
3.1525, 0.213105, 1.59314
3.155, 0.217088, 1.45963
3.1575, 0.220737, 1.32366
3.16, 0.224046, 1.18543
3.1625, 0.22701, 1.04517
3.165, 0.229623, 0.903076
3.1675, 0.23188, 0.759381
3.17, 0.233779, 0.614304
3.1725, 0.235315, 0.46807
3.175, 0.236485, 0.320904
3.1775, 0.237287, 0.173037
3.18, 0.23772, 0.0246981
3.1825, 0.237781, -0.123882
3.185, 0.237472, -0.27247
3.1875, 0.236791, -0.420836
3.19, 0.235738, -0.568746
3.1925, 0.234317, -0.715968
3.195, 0.232527, -0.862273
3.1975, 0.230371, -1.00743
3.2, 0.227852, -1.15121
3.2025, 0.224974, -1.29339
3.205, 0.221741, -1.43374
3.2075, 0.218157, -1.57204
3.21, 0.214226, -1.70807
3.2125, 0.209956, -1.84162
3.215, 0.205352, -1.97248
3.2175, 0.200421, -2.10043
3.22, 0.19517, -2.22527
3.2225, 0.189607, -2.34681
3.225, 0.18374, -2.46484
3.2275, 0.177578, -2.57919
3.23, 0.17113, -2.68966
3.2325, 0.164406, -2.79607
3.235, 0.157415, -2.89827
3.2375, 0.15017, -2.99607
3.24, 0.14268, -3.08933
3.2425, 0.134956, -3.17789
3.245, 0.127011, -3.2616
3.2475, 0.118857, -3.34033
3.25, 0.110507, -3.41395
3.2525, 0.101972, -3.48233
3.255, 0.093266, -3.54537
3.2575, 0.0844026, -3.60295
3.26, 0.0753952, -3.65498
3.2625, 0.0662577, -3.70137
3.265, 0.0570043, -3.74204
3.2675, 0.0476492, -3.77692
3.27, 0.0382069, -3.80595
3.2725, 0.028692, -3.82906
3.275, 0.0191194, -3.84623
3.2775, 0.00950379, -3.85741
3.28, -0.000139744, -3.86258
3.2825, -0.00979619, -3.86172
3.285, -0.0194505, -3.85483
3.2875, -0.0290876, -3.8419
3.29, -0.0386923, -3.82295
3.2925, -0.0482497, -3.798
3.295, -0.0577447, -3.76709
3.2975, -0.0671624, -3.73024
3.3, -0.076488, -3.68752
3.3025, -0.0857068, -3.63898
3.305, -0.0948043, -3.58468
3.3075, -0.103766, -3.52471
3.31, -0.112578, -3.45916
3.3125, -0.121226, -3.3881
3.315, -0.129696, -3.31166
3.3175, -0.137975, -3.22994
3.32, -0.14605, -3.14306
3.3225, -0.153908, -3.05115
3.325, -0.161535, -2.95434
3.3275, -0.168921, -2.85279
3.33, -0.176053, -2.74665
3.3325, -0.18292, -2.63606
3.335, -0.18951, -2.52121
3.3375, -0.195813, -2.40226
3.34, -0.201819, -2.2794
3.3425, -0.207517, -2.15281
3.345, -0.212899, -2.02268
3.3475, -0.217956, -1.88921
3.35, -0.222679, -1.75261
3.3525, -0.22706, -1.61309
3.355, -0.231093, -1.47085
3.3575, -0.23477, -1.32612
3.36, -0.238086, -1.17913
3.3625, -0.241033, -1.03009
3.365, -0.243609, -0.879237
3.3675, -0.245807, -0.726805
3.37, -0.247624, -0.573031
3.3725, -0.249056, -0.418151
3.375, -0.250102, -0.262408
3.3775, -0.250758, -0.106041
3.38, -0.251023, 0.0507034
3.3825, -0.250896, 0.207583
3.385, -0.250377, 0.364351
3.3875, -0.249466, 0.520764
3.39, -0.248164, 0.676576
3.3925, -0.246473, 0.831544
3.395, -0.244394, 0.985423
3.3975, -0.241931, 1.13797
3.4, -0.239086, 1.28895
3.4025, -0.235863, 1.43812
3.405, -0.232268, 1.58525
3.4075, -0.228305, 1.7301
3.41, -0.22398, 1.87244
3.4125, -0.219298, 2.01206
3.415, -0.214268, 2.14872
3.4175, -0.208896, 2.2822
3.42, -0.203191, 2.41231
3.4225, -0.19716, 2.53882
3.425, -0.190813, 2.66154
3.4275, -0.184159, 2.78026
3.43, -0.177209, 2.89481
3.4325, -0.169972, 3.00498
3.435, -0.162459, 3.11061
3.4375, -0.154683, 3.21153
3.44, -0.146654, 3.30756
3.4425, -0.138385, 3.39856
3.445, -0.129889, 3.48437
3.4475, -0.121178, 3.56485
3.45, -0.112265, 3.63988
3.4525, -0.103166, 3.70932
3.455, -0.0938925, 3.77305
3.4575, -0.0844599, 3.83098
3.46, -0.0748824, 3.883
3.4625, -0.0651749, 3.92903
3.465, -0.0553523, 3.96897
3.4675, -0.0454299, 4.00278
3.47, -0.035423, 4.03037
3.4725, -0.025347, 4.0517
3.475, -0.0152178, 4.06673
3.4775, -0.00505095, 4.07543
3.48, 0.00513763, 4.07777
3.4825, 0.0153321, 4.07375
3.485, 0.0255164, 4.06335
3.4875, 0.0356748, 4.04659
3.49, 0.0457913, 4.02348
3.4925, 0.05585, 3.99406
3.495, 0.0658351, 3.95835
3.4975, 0.075731, 3.91642
3.5, 0.0855221, 3.8683
3.5025, 0.0951928, 3.81408
3.505, 0.104728, 3.75382
3.5075, 0.114113, 3.68761
3.51, 0.123332, 3.61555
3.5125, 0.13237, 3.53775
3.515, 0.141215, 3.45431
3.5175, 0.149851, 3.36536
3.52, 0.158264, 3.27103
3.5225, 0.166442, 3.17146
3.525, 0.17437, 3.0668
3.5275, 0.182037, 2.9572
3.53, 0.18943, 2.84284
3.5325, 0.196537, 2.72388
3.535, 0.203347, 2.6005
3.5375, 0.209848, 2.47289
3.54, 0.21603, 2.34124
3.5425, 0.221884, 2.20575
3.545, 0.227398, 2.06663
3.5475, 0.232565, 1.92409
3.55, 0.237375, 1.77836
3.5525, 0.241821, 1.62964
3.555, 0.245895, 1.47818
3.5575, 0.24959, 1.3242
3.56, 0.252901, 1.16794
3.5625, 0.255821, 1.00964
3.565, 0.258345, 0.849552
3.5675, 0.260468, 0.687916
3.57, 0.262188, 0.524986
3.5725, 0.263501, 0.361013
3.575, 0.264403, 0.196253
3.5775, 0.264894, 0.0309618
3.58, 0.264971, -0.134603
3.5825, 0.264635, -0.300183
3.585, 0.263884, -0.46552
3.5875, 0.262721, -0.630355
3.59, 0.261145, -0.794429
3.5925, 0.259159, -0.957485
3.595, 0.256765, -1.11927
3.5975, 0.253967, -1.27952
3.6, 0.250768, -1.438
3.6025, 0.247173, -1.59444
3.605, 0.243187, -1.7486
3.6075, 0.238815, -1.90024
3.61, 0.234065, -2.04912
3.6125, 0.228942, -2.195
3.615, 0.223454, -2.33765
3.6175, 0.21761, -2.47685
3.62, 0.211418, -2.61236
3.6225, 0.204887, -2.74397
3.625, 0.198027, -2.87148
3.6275, 0.190849, -2.99467
3.63, 0.183362, -3.11335
3.6325, 0.175579, -3.22733
3.635, 0.16751, -3.33642
3.6375, 0.159169, -3.44045
3.64, 0.150568, -3.53924
3.6425, 0.14172, -3.63264
3.645, 0.132638, -3.72048
3.6475, 0.123337, -3.80264
3.65, 0.113831, -3.87896
3.6525, 0.104133, -3.94933
3.655, 0.0942598, -4.01363
3.6575, 0.0842258, -4.07174
3.66, 0.0740464, -4.12356
3.6625, 0.0637375, -4.16902
3.665, 0.053315, -4.20802
3.6675, 0.0427949, -4.2405
3.67, 0.0321937, -4.2664
3.6725, 0.0215277, -4.28567
3.675, 0.0108135, -4.29826
3.6775, 6.78653e-05, -4.30416
3.68, -0.0106925, -4.30334
3.6825, -0.0214509, -4.2958
3.685, -0.0321904, -4.28153
3.6875, -0.0428942, -4.26056
3.69, -0.0535456, -4.2329
3.6925, -0.0641279, -4.19859
3.695, -0.0746244, -4.15767
3.6975, -0.0850185, -4.11019
3.7, -0.095294, -4.05624
3.7025, -0.105435, -3.99587
3.705, -0.115424, -3.92917
3.7075, -0.125247, -3.85624
3.71, -0.134888, -3.77719
3.7125, -0.144331, -3.69213
3.715, -0.153561, -3.60119
3.7175, -0.162564, -3.50449
3.72, -0.171325, -3.40219
3.7225, -0.179831, -3.29443
3.725, -0.188067, -3.18138
3.7275, -0.19602, -3.0632
3.73, -0.203678, -2.94007
3.7325, -0.211028, -2.81219
3.735, -0.218059, -2.67973
3.7375, -0.224758, -2.54291
3.74, -0.231116, -2.40193
3.7425, -0.23712, -2.257
3.745, -0.242763, -2.10835
3.7475, -0.248034, -1.9562
3.75, -0.252924, -1.80079
3.7525, -0.257426, -1.64235
3.755, -0.261532, -1.48113
3.7575, -0.265235, -1.31737
3.76, -0.268528, -1.15134
3.7625, -0.271407, -0.983279
3.765, -0.273865, -0.813453
3.7675, -0.275898, -0.642125
3.77, -0.277504, -0.46956
3.7725, -0.278678, -0.296026
3.775, -0.279418, -0.121793
3.7775, -0.279722, 0.0528673
3.78, -0.27959, 0.227683
3.7825, -0.279021, 0.402381
3.785, -0.278015, 0.576689
3.7875, -0.276573, 0.750333
3.79, -0.274697, 0.923041
3.7925, -0.27239, 1.09454
3.795, -0.269653, 1.26457
3.7975, -0.266492, 1.43285
3.8, -0.26291, 1.59912
3.8025, -0.258912, 1.76312
3.805, -0.254504, 1.92458
3.8075, -0.249693, 2.08326
3.81, -0.244485, 2.23891
3.8125, -0.238887, 2.39126
3.815, -0.232909, 2.54009
3.8175, -0.226559, 2.68515
3.82, -0.219846, 2.82621
3.8225, -0.212781, 2.96305
3.825, -0.205373, 3.09544
3.8275, -0.197634, 3.22318
3.83, -0.189576, 3.34606
3.8325, -0.181211, 3.46388
3.835, -0.172552, 3.57644
3.8375, -0.16361, 3.68357
3.84, -0.154402, 3.78509
3.8425, -0.144939, 3.88083
3.845, -0.135237, 3.97064
3.8475, -0.12531, 4.05437
3.85, -0.115174, 4.13188
3.8525, -0.104845, 4.20304
3.855, -0.0943369, 4.26773
3.8575, -0.0836676, 4.32583
3.86, -0.072853, 4.37726
3.8625, -0.0619099, 4.42192
3.865, -0.0508551, 4.45973
3.8675, -0.0397057, 4.49062
3.87, -0.0284792, 4.51454
3.8725, -0.0171929, 4.53143
3.875, -0.00586427, 4.54127
3.8775, 0.00548891, 4.54403
3.88, 0.016849, 4.53969
3.8825, 0.0281982, 4.52825
3.885, 0.0395188, 4.50972
3.8875, 0.0507931, 4.48412
3.89, 0.0620035, 4.45148
3.8925, 0.0731322, 4.41184
3.895, 0.0841617, 4.36525
3.8975, 0.0950749, 4.31177
3.9, 0.105854, 4.25149
3.9025, 0.116483, 4.18448
3.905, 0.126944, 4.11084
3.9075, 0.137221, 4.03068
3.91, 0.147298, 3.94411
3.9125, 0.157158, 3.85126
3.915, 0.166786, 3.75226
3.9175, 0.176167, 3.64727
3.92, 0.185285, 3.53644
3.9225, 0.194126, 3.41993
3.925, 0.202676, 3.29791
3.9275, 0.210921, 3.17058
3.93, 0.218847, 3.03812
3.9325, 0.226443, 2.90074
3.935, 0.233695, 2.75863
3.9375, 0.240591, 2.61202
3.94, 0.247121, 2.46113
3.9425, 0.253274, 2.30618
3.945, 0.259039, 2.14743
3.9475, 0.264408, 1.9851
3.95, 0.269371, 1.81944
3.9525, 0.273919, 1.65072
3.955, 0.278046, 1.47919
3.9575, 0.281744, 1.30512
3.96, 0.285007, 1.12877
3.9625, 0.287829, 0.950413
3.965, 0.290205, 0.77033
3.9675, 0.292131, 0.588798
3.97, 0.293603, 0.406098
3.9725, 0.294618, 0.222515
3.975, 0.295174, 0.0383347
3.9775, 0.29527, -0.146157
3.98, 0.294905, -0.330671
3.9825, 0.294078, -0.514921
3.985, 0.292791, -0.698617
3.9875, 0.291044, -0.881471
3.99, 0.288841, -1.0632
3.9925, 0.286183, -1.24351
3.995, 0.283074, -1.42213
3.9975, 0.279518, -1.59876
4, 0.275522, -1.77314
4.0025, 0.271089, -1.94499
4.005, 0.266226, -2.11403
4.0075, 0.260941, -2.28
4.01, 0.255241, -2.44263
4.0125, 0.249135, -2.60167
4.015, 0.24263, -2.75686
4.0175, 0.235738, -2.90795
4.02, 0.228468, -3.0547
4.0225, 0.220832, -3.19689
4.025, 0.212839, -3.33427
4.0275, 0.204504, -3.46662
4.03, 0.195837, -3.59374
4.0325, 0.186853, -3.71542
4.035, 0.177564, -3.83146
4.0375, 0.167986, -3.94168
4.04, 0.158131, -4.04588
4.0425, 0.148017, -4.1439
4.045, 0.137657, -4.23558
4.0475, 0.127068, -4.32077
4.05, 0.116266, -4.39932
4.0525, 0.105268, -4.47111
4.055, 0.09409, -4.53601
4.0575, 0.08275, -4.59391
4.06, 0.0712652, -4.64471
4.0625, 0.0596534, -4.68832
4.065, 0.0479326, -4.72467
4.0675, 0.036121, -4.75368
4.07, 0.0242368, -4.7753
4.0725, 0.0122985, -4.7895
4.075, 0.00032477, -4.79623
4.0775, -0.0116658, -4.79547
4.08, -0.0236545, -4.78722
4.0825, -0.0356225, -4.77148
4.085, -0.0475512, -4.74826
4.0875, -0.0594219, -4.71759
4.09, -0.0712158, -4.67951
4.0925, -0.0829146, -4.63406
4.095, -0.0944998, -4.58131
4.0975, -0.105953, -4.52133
4.1, -0.117256, -4.45421
4.1025, -0.128392, -4.38003
4.105, -0.139342, -4.29891
4.1075, -0.150089, -4.21096
4.11, -0.160617, -4.11632
4.1125, -0.170907, -4.01511
4.115, -0.180945, -3.90749
4.1175, -0.190714, -3.79362
4.12, -0.200198, -3.67366
4.1225, -0.209382, -3.5478
4.125, -0.218252, -3.41623
4.1275, -0.226792, -3.27914
4.13, -0.23499, -3.13674
4.1325, -0.242832, -2.98924
4.135, -0.250305, -2.83687
4.1375, -0.257397, -2.67986
4.14, -0.264097, -2.51846
4.1425, -0.270393, -2.35289
4.145, -0.276275, -2.18343
4.1475, -0.281734, -2.01032
4.15, -0.28676, -1.83383
4.1525, -0.291344, -1.65424
4.155, -0.29548, -1.47182
4.1575, -0.299159, -1.28685
4.16, -0.302376, -1.09962
4.1625, -0.305125, -0.910412
4.165, -0.307401, -0.719527
4.1675, -0.3092, -0.527257
4.17, -0.310518, -0.333901
4.1725, -0.311353, -0.13976
4.175, -0.311703, 0.0548633
4.1775, -0.311565, 0.249666
4.18, -0.310941, 0.444345
4.1825, -0.30983, 0.638594
4.185, -0.308234, 0.832111
4.1875, -0.306154, 1.02459
4.19, -0.303592, 1.21573
4.1925, -0.300553, 1.40523
4.195, -0.29704, 1.5928
4.1975, -0.293058, 1.77813
4.2, -0.288612, 1.96093
4.2025, -0.28371, 2.14093
4.205, -0.278358, 2.31782
4.2075, -0.272563, 2.49133
4.21, -0.266335, 2.66118
4.2125, -0.259682, 2.82711
4.215, -0.252614, 2.98884
4.2175, -0.245142, 3.14613
4.22, -0.237277, 3.29871
4.2225, -0.22903, 3.44635
4.225, -0.220414, 3.58881
4.2275, -0.211442, 3.72585
4.23, -0.202127, 3.85725
4.2325, -0.192484, 3.98281
4.235, -0.182527, 4.10232
4.2375, -0.172272, 4.21558
4.24, -0.161733, 4.3224
4.2425, -0.150927, 4.42262
4.245, -0.13987, 4.51607
4.2475, -0.12858, 4.60258
4.25, -0.117073, 4.68202
4.2525, -0.105368, 4.75426
4.255, -0.0934827, 4.81916
4.2575, -0.0814348, 4.87663
4.26, -0.0692432, 4.92655
4.2625, -0.0569269, 4.96884
4.265, -0.0445048, 5.00342
4.2675, -0.0319962, 5.03024
4.27, -0.0194206, 5.04923
4.2725, -0.00679753, 5.06036
4.275, 0.00585336, 5.0636
4.2775, 0.0185124, 5.05892
4.28, 0.0311597, 5.04634
4.2825, 0.0437755, 5.02586
4.285, 0.0563402, 4.99749
4.2875, 0.0688339, 4.96128
4.29, 0.0812371, 4.91727
4.2925, 0.0935303, 4.86551
4.295, 0.105694, 4.80608
4.2975, 0.117709, 4.73906
4.3, 0.129557, 4.66455
4.3025, 0.141218, 4.58264
4.305, 0.152675, 4.49346
4.3075, 0.163909, 4.39714
4.31, 0.174901, 4.29382
4.3125, 0.185636, 4.18365
4.315, 0.196095, 4.06679
4.3175, 0.206262, 3.94341
4.32, 0.216121, 3.81371
4.3225, 0.225655, 3.67787
4.325, 0.23485, 3.5361
4.3275, 0.24369, 3.38862
4.33, 0.252161, 3.23563
4.3325, 0.26025, 3.07738
4.335, 0.267944, 2.91411
4.3375, 0.275229, 2.74606
4.34, 0.282094, 2.5735
4.3425, 0.288528, 2.39667
4.345, 0.29452, 2.21586
4.3475, 0.300059, 2.03135
4.35, 0.305138, 1.8434
4.3525, 0.309746, 1.65232
4.355, 0.313877, 1.4584
4.3575, 0.317523, 1.26194
4.36, 0.320678, 1.06323
4.3625, 0.323336, 0.862596
4.365, 0.325492, 0.660338
4.3675, 0.327143, 0.456773
4.37, 0.328285, 0.252218
4.3725, 0.328916, 0.0469888
4.375, 0.329033, -0.158593
4.3775, 0.328637, -0.364207
4.38, 0.327726, -0.569532
4.3825, 0.326302, -0.774247
4.385, 0.324367, -0.978031
4.3875, 0.321922, -1.18057
4.39, 0.31897, -1.38153
4.3925, 0.315517, -1.58061
4.395, 0.311565, -1.77749
4.3975, 0.307121, -1.97186
4.4, 0.302192, -2.16342
4.4025, 0.296783, -2.35186
4.405, 0.290903, -2.53688
4.4075, 0.284561, -2.71818
4.41, 0.277766, -2.89549
4.4125, 0.270527, -3.06852
4.415, 0.262856, -3.23698
4.4175, 0.254763, -3.40062
4.42, 0.246262, -3.55917
4.4225, 0.237364, -3.71237
4.425, 0.228083, -3.85998
4.4275, 0.218433, -4.00176
4.43, 0.208429, -4.13748
4.4325, 0.198085, -4.26692
4.435, 0.187418, -4.38987
4.4375, 0.176443, -4.50613
4.44, 0.165178, -4.6155
4.4425, 0.153639, -4.71781
4.445, 0.141844, -4.81289
4.4475, 0.129812, -4.90058
4.45, 0.117561, -4.98074
4.4525, 0.105109, -5.05322
4.455, 0.0924757, -5.1179
4.4575, 0.079681, -5.17467
4.46, 0.0667443, -5.22344
4.4625, 0.0536857, -5.26411
4.465, 0.0405254, -5.29661
4.4675, 0.0272839, -5.32088
4.47, 0.0139817, -5.33687
4.4725, 0.000639526, -5.34454
4.475, -0.0127218, -5.34387
4.4775, -0.0260815, -5.33485
4.48, -0.0394186, -5.31748
4.4825, -0.0527123, -5.29178
4.485, -0.0659418, -5.25778
4.4875, -0.0790862, -5.21551
4.49, -0.092125, -5.16504
4.4925, -0.105038, -5.10643
4.495, -0.117804, -5.03976
4.4975, -0.130403, -4.96512
4.5, -0.142816, -4.88263
4.5025, -0.155022, -4.79239
4.505, -0.167003, -4.69455
4.5075, -0.17874, -4.58923
4.51, -0.190213, -4.4766
4.5125, -0.201404, -4.35682
4.515, -0.212296, -4.23007
4.5175, -0.222872, -4.09654
4.52, -0.233113, -3.95643
4.5225, -0.243004, -3.80994
4.525, -0.252529, -3.6573
4.5275, -0.261672, -3.49874
4.53, -0.270419, -3.33449
4.5325, -0.278755, -3.16481
4.535, -0.286667, -2.98996
4.5375, -0.294142, -2.81019
4.54, -0.301168, -2.62579
4.5425, -0.307732, -2.43704
4.545, -0.313825, -2.24422
4.5475, -0.319435, -2.04763
4.55, -0.324554, -1.84757
4.5525, -0.329173, -1.64436
4.555, -0.333284, -1.43829
4.5575, -0.33688, -1.2297
4.56, -0.339954, -1.01891
4.5625, -0.342501, -0.806233
4.565, -0.344517, -0.592009
4.5675, -0.345997, -0.376567
4.57, -0.346938, -0.160244
4.5725, -0.347339, 0.0566247
4.575, -0.347197, 0.2737
4.5775, -0.346513, 0.490644
4.58, -0.345287, 0.707117
4.5825, -0.343519, 0.922779
4.585, -0.341212, 1.13729
4.5875, -0.338369, 1.35032
4.59, -0.334993, 1.56153
4.5925, -0.331089, 1.77059
4.595, -0.326662, 1.97717
4.5975, -0.32172, 2.18094
4.6, -0.316267, 2.38158
4.6025, -0.310313, 2.57877
4.605, -0.303866, 2.7722
4.6075, -0.296936, 2.96156
4.61, -0.289532, 3.14655
4.6125, -0.281666, 3.32688
4.615, -0.273348, 3.50226
4.6175, -0.264593, 3.6724
4.62, -0.255412, 3.83703
4.6225, -0.245819, 3.9959
4.625, -0.235829, 4.14874
4.6275, -0.225458, 4.2953
4.63, -0.214719, 4.43535
4.6325, -0.203631, 4.56866
4.635, -0.192209, 4.69502
4.6375, -0.180472, 4.81421
4.64, -0.168436, 4.92604
4.6425, -0.156121, 5.03033
4.645, -0.143545, 5.1269
4.6475, -0.130728, 5.21559
4.65, -0.117689, 5.29625
4.6525, -0.104448, 5.36875
4.655, -0.0910266, 5.43296
4.6575, -0.0774442, 5.48876
4.66, -0.0637223, 5.53607
4.6625, -0.0498821, 5.57479
4.665, -0.0359451, 5.60485
4.6675, -0.021933, 5.62619
4.67, -0.00786753, 5.63877
4.6725, 0.0062294, 5.64256
4.675, 0.0203358, 5.63754
4.6775, 0.0344297, 5.6237
4.68, 0.0484889, 5.60106
4.6825, 0.0624916, 5.56964
4.685, 0.0764157, 5.52946
4.6875, 0.0902393, 5.4806
4.69, 0.103941, 5.4231
4.6925, 0.117499, 5.35706
4.695, 0.130891, 5.28255
4.6975, 0.144098, 5.19968
4.7, 0.157097, 5.10858
4.7025, 0.169868, 5.00938
4.705, 0.182392, 4.90221
4.7075, 0.194647, 4.78723
4.71, 0.206615, 4.66462
4.7125, 0.218277, 4.53455
4.715, 0.229613, 4.39722
4.7175, 0.240606, 4.25283
4.72, 0.251238, 4.1016
4.7225, 0.261492, 3.94376
4.725, 0.271352, 3.77954
4.7275, 0.280801, 3.60919
4.73, 0.289824, 3.43297
4.7325, 0.298406, 3.25114
4.735, 0.306534, 3.06399
4.7375, 0.314194, 2.87179
4.74, 0.321373, 2.67484
4.7425, 0.32806, 2.47345
4.745, 0.334244, 2.26792
4.7475, 0.339914, 2.05856
4.75, 0.34506, 1.8457
4.7525, 0.349674, 1.62967
4.755, 0.353749, 1.4108
4.7575, 0.357276, 1.18942
4.76, 0.360249, 0.965889
4.7625, 0.362664, 0.74054
4.765, 0.364515, 0.513727
4.7675, 0.3658, 0.285802
4.77, 0.366514, 0.0571205
4.7725, 0.366657, -0.171962
4.775, 0.366227, -0.401088
4.7775, 0.365224, -0.6299
4.78, 0.36365, -0.858039
4.7825, 0.361504, -1.08515
4.785, 0.358792, -1.31087
4.7875, 0.355514, -1.53485
4.79, 0.351677, -1.75674
4.7925, 0.347285, -1.97619
4.795, 0.342345, -2.19285
4.7975, 0.336863, -2.40638
4.8, 0.330847, -2.61643
4.8025, 0.324306, -2.82269
4.805, 0.317249, -3.02482
4.8075, 0.309687, -3.22249
4.81, 0.301631, -3.4154
4.8125, 0.293092, -3.60324
4.815, 0.284084, -3.7857
4.8175, 0.27462, -3.9625
4.82, 0.264714, -4.13334
4.8225, 0.25438, -4.29796
4.825, 0.243635, -4.45609
4.8275, 0.232495, -4.60747
4.83, 0.220977, -4.75186
4.8325, 0.209097, -4.88902
4.835, 0.196874, -5.01872
4.8375, 0.184328, -5.14077
4.84, 0.171476, -5.25494
4.8425, 0.158338, -5.36107
4.845, 0.144936, -5.45895
4.8475, 0.131288, -5.54845
4.85, 0.117417, -5.62939
4.8525, 0.103344, -5.70165
4.855, 0.0890895, -5.7651
4.8575, 0.0746767, -5.81963
4.86, 0.0601276, -5.86514
4.8625, 0.0454648, -5.90155
4.865, 0.0307109, -5.92878
4.8675, 0.015889, -5.94679
4.87, 0.001022, -5.95553
4.8725, -0.0138668, -5.95498
4.875, -0.0287543, -5.94512
4.8775, -0.0436171, -5.92596
4.88, -0.058432, -5.89751
4.8825, -0.0731758, -5.85981
4.885, -0.0878253, -5.81291
4.8875, -0.102358, -5.75685
4.89, -0.11675, -5.69173
4.8925, -0.130979, -5.61762
4.895, -0.145023, -5.53464
4.8975, -0.15886, -5.44289
4.9, -0.172467, -5.34252
4.9025, -0.185823, -5.23365
4.905, -0.198907, -5.11647
4.9075, -0.211698, -4.99113
4.91, -0.224176, -4.85782
4.9125, -0.236321, -4.71674
4.915, -0.248113, -4.56809
4.9175, -0.259533, -4.41211
4.92, -0.270563, -4.24902
4.9225, -0.281186, -4.07907
4.925, -0.291383, -3.90251
4.9275, -0.30114, -3.71961
4.93, -0.310439, -3.53066
4.9325, -0.319265, -3.33593
4.935, -0.327605, -3.13572
4.9375, -0.335444, -2.93034
4.94, -0.34277, -2.7201
4.9425, -0.349571, -2.50532
4.945, -0.355834, -2.28634
4.9475, -0.36155, -2.06349
4.95, -0.366708, -1.83711
4.9525, -0.371301, -1.60755
4.955, -0.37532, -1.37516
4.9575, -0.378758, -1.14031
4.96, -0.381609, -0.903361
4.9625, -0.383867, -0.664674
4.965, -0.385529, -0.424624
4.9675, -0.38659, -0.183584
4.97, -0.387049, 0.0580718
4.9725, -0.386904, 0.299966
4.975, -0.386154, 0.541721
4.9775, -0.3848, 0.782959
4.98, -0.382843, 1.0233
4.9825, -0.380284, 1.26237
4.985, -0.377128, 1.4998
4.9875, -0.373379, 1.73521
4.99, -0.369041, 1.96822
4.9925, -0.36412, 2.19848
4.995, -0.358624, 2.42561
4.9975, -0.35256, 2.64927
5, -0.345937, 2.86909
