0, 0.1, 0
0.0025, 0.1, -0.0625
0.005, 0.0998438, -0.125
0.0075, 0.0995313, -0.187402
0.01, 0.0990627, -0.249609
0.0125, 0.0984387, -0.311524
0.015, 0.0976599, -0.373048
0.0175, 0.0967273, -0.434085
0.02, 0.0956421, -0.49454
0.0225, 0.0944057, -0.554316
0.025, 0.0930199, -0.61332
0.0275, 0.0914866, -0.671457
0.03, 0.089808, -0.728636
0.0325, 0.0879864, -0.784766
0.035, 0.0860245, -0.839758
0.0375, 0.0839251, -0.893523
0.04, 0.0816913, -0.945976
0.0425, 0.0793263, -0.997033
0.045, 0.0768338, -1.04661
0.0475, 0.0742172, -1.09463
0.05, 0.0714807, -1.14102
0.0525, 0.0686281, -1.18569
0.055, 0.0656639, -1.22859
0.0575, 0.0625924, -1.26963
0.06, 0.0594183, -1.30875
0.0625, 0.0561465, -1.34588
0.065, 0.0527818, -1.38098
0.0675, 0.0493293, -1.41396
0.07, 0.0457944, -1.44479
0.0725, 0.0421824, -1.47342
0.075, 0.0384989, -1.49978
0.0775, 0.0347494, -1.52384
0.08, 0.0309398, -1.54556
0.0825, 0.0270759, -1.5649
0.085, 0.0231637, -1.58182
0.0875, 0.0192091, -1.5963
0.09, 0.0152184, -1.6083
0.0925, 0.0111976, -1.61781
0.095, 0.00715309, -1.62481
0.0975, 0.00309105, -1.62928
0.1, -0.000982157, -1.63122
0.1025, -0.0050602, -1.6306
0.105, -0.0091367, -1.62744
0.1075, -0.0132053, -1.62173
0.11, -0.0172596, -1.61348
0.1125, -0.0212933, -1.60269
0.115, -0.0253, -1.58938
0.1175, -0.0292735, -1.57357
0.12, -0.0332074, -1.55527
0.1225, -0.0370956, -1.53452
0.125, -0.0409319, -1.51133
0.1275, -0.0447102, -1.48575
0.13, -0.0484246, -1.45781
0.1325, -0.0520691, -1.42754
0.135, -0.0556379, -1.395
0.1375, -0.0591254, -1.36022
0.14, -0.062526, -1.32327
0.1425, -0.0658342, -1.28419
0.145, -0.0690447, -1.24305
0.1475, -0.0721523, -1.19989
0.15, -0.075152, -1.1548
0.1525, -0.078039, -1.10783
0.155, -0.0808086, -1.05905
0.1575, -0.0834562, -1.00855
0.16, -0.0859776, -0.956387
0.1625, -0.0883685, -0.902651
0.165, -0.0906252, -0.847421
0.1675, -0.0927437, -0.79078
0.17, -0.0947207, -0.732815
0.1725, -0.0965527, -0.673615
0.175, -0.0982367, -0.61327
0.1775, -0.0997699, -0.551872
0.18, -0.10115, -0.489515
0.1825, -0.102373, -0.426297
0.185, -0.103439, -0.362314
0.1875, -0.104345, -0.297664
0.19, -0.105089, -0.232449
0.1925, -0.10567, -0.166768
0.195, -0.106087, -0.100724
0.1975, -0.106339, -0.0344196
0.2, -0.106425, 0.0320422
0.2025, -0.106345, 0.0985578
0.205, -0.106098, 0.165023
0.2075, -0.105686, 0.231335
0.21, -0.105108, 0.297389
0.2125, -0.104364, 0.363081
0.215, -0.103456, 0.428308
0.2175, -0.102386, 0.492969
0.22, -0.101153, 0.55696
0.2225, -0.0997608, 0.62018
0.225, -0.0982104, 0.682531
0.2275, -0.096504, 0.743912
0.23, -0.0946442, 0.804227
0.2325, -0.0926337, 0.86338
0.235, -0.0904752, 0.921276
0.2375, -0.088172, 0.977823
0.24, -0.0857275, 1.03293
0.2425, -0.0831451, 1.08651
0.245, -0.0804289, 1.13848
0.2475, -0.0775827, 1.18874
0.25, -0.0746108, 1.23723
0.2525, -0.0715177, 1.28386
0.255, -0.0683081, 1.32856
0.2575, -0.0649867, 1.37126
0.26, -0.0615585, 1.41187
0.2625, -0.0580288, 1.45035
0.265, -0.054403, 1.48661
0.2675, -0.0506864, 1.52062
0.27, -0.0468849, 1.5523
0.2725, -0.0430042, 1.5816
0.275, -0.0390502, 1.60848
0.2775, -0.035029, 1.63288
0.28, -0.0309468, 1.65478
0.2825, -0.0268098, 1.67412
0.285, -0.0226245, 1.69087
0.2875, -0.0183973, 1.70501
0.29, -0.0141348, 1.71651
0.2925, -0.00984353, 1.72535
0.295, -0.00553017, 1.7315
0.2975, -0.00120142, 1.73496
0.3, 0.00313597, 1.73571
0.3025, 0.00747523, 1.73375
0.305, 0.0118096, 1.72907
0.3075, 0.0161323, 1.72169
0.31, 0.0204365, 1.71161
0.3125, 0.0247155, 1.69884
0.315, 0.0289626, 1.68339
0.3175, 0.0331711, 1.66529
0.32, 0.0373343, 1.64456
0.3225, 0.0414457, 1.62122
0.325, 0.0454988, 1.59532
0.3275, 0.0494871, 1.56688
0.33, 0.0534043, 1.53595
0.3325, 0.0572442, 1.50258
0.335, 0.0610006, 1.4668
0.3375, 0.0646676, 1.42867
0.34, 0.0682393, 1.38826
0.3425, 0.0717099, 1.34561
0.345, 0.0750739, 1.30079
0.3475, 0.0783259, 1.25387
0.35, 0.0814606, 1.20491
0.3525, 0.0844729, 1.154
0.355, 0.0873578, 1.1012
0.3575, 0.0901109, 1.0466
0.36, 0.0927274, 0.990286
0.3625, 0.0952031, 0.932331
0.365, 0.0975339, 0.872829
0.3675, 0.099716, 0.81187
0.37, 0.101746, 0.749548
0.3725, 0.10362, 0.685957
0.375, 0.105334, 0.621195
0.3775, 0.106887, 0.555361
0.38, 0.108276, 0.488556
0.3825, 0.109497, 0.420884
0.385, 0.110549, 0.352448
0.3875, 0.111431, 0.283355
0.39, 0.112139, 0.21371
0.3925, 0.112673, 0.143624
0.395, 0.113032, 0.0732029
0.3975, 0.113215, 0.00255776
0.4, 0.113222, -0.0682018
0.4025, 0.113051, -0.138965
0.405, 0.112704, -0.209622
0.4075, 0.11218, -0.280062
0.41, 0.11148, -0.350174
0.4125, 0.110604, -0.419849
0.415, 0.109554, -0.488977
0.4175, 0.108332, -0.557448
0.42, 0.106938, -0.625156
0.4225, 0.105376, -0.691992
0.425, 0.103646, -0.757852
0.4275, 0.101751, -0.82263
0.43, 0.0996943, -0.886225
0.4325, 0.0974788, -0.948534
0.435, 0.0951074, -1.00946
0.4375, 0.0925838, -1.0689
0.44, 0.0899115, -1.12676
0.4425, 0.0870946, -1.18296
0.445, 0.0841372, -1.23739
0.4475, 0.0810437, -1.28998
0.45, 0.0778188, -1.34063
0.4525, 0.0744672, -1.38927
0.455, 0.070994, -1.43581
0.4575, 0.0674045, -1.48018
0.46, 0.0637041, -1.52231
0.4625, 0.0598983, -1.56212
0.465, 0.055993, -1.59956
0.4675, 0.0519941, -1.63456
0.47, 0.0479077, -1.66705
0.4725, 0.04374, -1.697
0.475, 0.0394976, -1.72433
0.4775, 0.0351867, -1.74902
0.48, 0.0308142, -1.77101
0.4825, 0.0263867, -1.79027
0.485, 0.021911, -1.80676
0.4875, 0.0173941, -1.82046
0.49, 0.0128429, -1.83133
0.4925, 0.00826462, -1.83935
0.495, 0.00366624, -1.84452
0.4975, -0.000945061, -1.84681
0.5, -0.00556209, -1.84622
0.5025, -0.0101776, -1.84274
0.505, -0.0147845, -1.83638
0.5075, -0.0193755, -1.82714
0.51, -0.0239433, -1.81503
0.5125, -0.0284809, -1.80007
0.515, -0.0329811, -1.78227
0.5175, -0.0374367, -1.76165
0.52, -0.0418409, -1.73826
0.5225, -0.0461865, -1.71211
0.525, -0.0504668, -1.68324
0.5275, -0.0546749, -1.6517
0.53, -0.0588041, -1.61753
0.5325, -0.0628479, -1.58077
0.535, -0.0667999, -1.54149
0.5375, -0.0706536, -1.49974
0.54, -0.0744029, -1.45558
0.5425, -0.0780419, -1.40908
0.545, -0.0815646, -1.36031
0.5475, -0.0849654, -1.30933
0.55, -0.0882387, -1.25623
0.5525, -0.0913793, -1.20108
0.555, -0.094382, -1.14396
0.5575, -0.0972419, -1.08498
0.56, -0.0999543, -1.0242
0.5625, -0.102515, -0.961728
0.565, -0.104919, -0.897656
0.5675, -0.107163, -0.832082
0.57, -0.109243, -0.765105
0.5725, -0.111156, -0.696827
0.575, -0.112898, -0.627355
0.5775, -0.114467, -0.556793
0.58, -0.115859, -0.485252
0.5825, -0.117072, -0.41284
0.585, -0.118104, -0.33967
0.5875, -0.118953, -0.265855
0.59, -0.119618, -0.19151
0.5925, -0.120096, -0.116748
0.595, -0.120388, -0.0416882
0.5975, -0.120493, 0.0335546
0.6, -0.120409, 0.108862
0.6025, -0.120137, 0.184118
0.605, -0.119676, 0.259203
0.6075, -0.119028, 0.334001
0.61, -0.118193, 0.408393
0.6125, -0.117172, 0.482264
0.615, -0.115967, 0.555497
0.6175, -0.114578, 0.627976
0.62, -0.113008, 0.699587
0.6225, -0.111259, 0.770217
0.625, -0.109333, 0.839754
0.6275, -0.107234, 0.908087
0.63, -0.104964, 0.975109
0.6325, -0.102526, 1.04071
0.635, -0.0999242, 1.10479
0.6375, -0.0971623, 1.16724
0.64, -0.0942442, 1.22797
0.6425, -0.0911742, 1.28687
0.645, -0.0879571, 1.34386
0.6475, -0.0845974, 1.39883
0.65, -0.0811004, 1.4517
0.6525, -0.0774711, 1.50239
0.655, -0.0737151, 1.55081
0.6575, -0.0698381, 1.59688
0.66, -0.0658459, 1.64053
0.6625, -0.0617446, 1.68168
0.665, -0.0575404, 1.72027
0.6675, -0.0532397, 1.75624
0.67, -0.0488491, 1.78951
0.6725, -0.0443753, 1.82004
0.675, -0.0398252, 1.84778
0.6775, -0.0352058, 1.87267
0.68, -0.0305241, 1.89467
0.6825, -0.0257874, 1.91375
0.685, -0.021003, 1.92987
0.6875, -0.0161784, 1.94299
0.69, -0.0113209, 1.9531
0.6925, -0.00643814, 1.96018
0.695, -0.00153769, 1.9642
0.6975, 0.00337281, 1.96516
0.7, 0.00828573, 1.96306
0.7025, 0.0131934, 1.95788
0.705, 0.0180881, 1.94963
0.7075, 0.0229621, 1.93833
0.71, 0.027808, 1.92398
0.7125, 0.0326179, 1.9066
0.715, 0.0373844, 1.88621
0.7175, 0.0420999, 1.86284
0.72, 0.046757, 1.83653
0.7225, 0.0513484, 1.80731
0.725, 0.0558666, 1.77522
0.7275, 0.0603047, 1.7403
0.73, 0.0646554, 1.70261
0.7325, 0.0689119, 1.6622
0.735, 0.0730674, 1.61913
0.7375, 0.0771153, 1.57346
0.74, 0.0810489, 1.52527
0.7425, 0.0848621, 1.47461
0.745, 0.0885486, 1.42157
0.7475, 0.0921025, 1.36623
0.75, 0.0955181, 1.30866
0.7525, 0.0987898, 1.24896
0.755, 0.101912, 1.18722
0.7575, 0.10488, 1.12353
0.76, 0.107689, 1.05798
0.7625, 0.110334, 0.990671
0.765, 0.112811, 0.921712
0.7675, 0.115115, 0.851205
0.77, 0.117243, 0.779258
0.7725, 0.119191, 0.705981
0.775, 0.120956, 0.631487
0.7775, 0.122535, 0.555889
0.78, 0.123924, 0.479305
0.7825, 0.125123, 0.401852
0.785, 0.126127, 0.323651
0.7875, 0.126937, 0.244821
0.79, 0.127549, 0.165486
0.7925, 0.127962, 0.085768
0.795, 0.128177, 0.00579155
0.7975, 0.128191, -0.0743189
0.8, 0.128005, -0.154438
0.8025, 0.127619, -0.234442
0.805, 0.127033, -0.314204
0.8075, 0.126248, -0.3936
0.81, 0.125264, -0.472504
0.8125, 0.124082, -0.550794
0.815, 0.122705, -0.628346
0.8175, 0.121135, -0.705036
0.82, 0.119372, -0.780746
0.8225, 0.11742, -0.855353
0.825, 0.115282, -0.928741
0.8275, 0.11296, -1.00079
0.83, 0.110458, -1.07139
0.8325, 0.107779, -1.14043
0.835, 0.104928, -1.20779
0.8375, 0.101909, -1.27337
0.84, 0.0987254, -1.33706
0.8425, 0.0953828, -1.39877
0.845, 0.0918859, -1.45838
0.8475, 0.0882399, -1.51581
0.85, 0.0844504, -1.57096
0.8525, 0.080523, -1.62374
0.855, 0.0764636, -1.67407
0.8575, 0.0722785, -1.72186
0.86, 0.0679738, -1.76703
0.8625, 0.0635562, -1.80952
0.865, 0.0590325, -1.84924
0.8675, 0.0544094, -1.88613
0.87, 0.049694, -1.92014
0.8725, 0.0448937, -1.9512
0.875, 0.0400157, -1.97926
0.8775, 0.0350675, -2.00427
0.88, 0.0300569, -2.02618
0.8825, 0.0249914, -2.04497
0.885, 0.019879, -2.06059
0.8875, 0.0147275, -2.07301
0.89, 0.009545, -2.08222
0.8925, 0.00433945, -2.08818
0.895, -0.000881005, -2.0909
0.8975, -0.00610824, -2.09034
0.9, -0.0113341, -2.08653
0.9025, -0.0165504, -2.07944
0.905, -0.021749, -2.0691
0.9075, -0.0269218, -2.05551
0.91, -0.0320605, -2.03868
0.9125, -0.0371572, -2.01864
0.915, -0.0422039, -1.99542
0.9175, -0.0471924, -1.96904
0.92, -0.052115, -1.93955
0.9225, -0.0569639, -1.90697
0.925, -0.0617313, -1.87137
0.9275, -0.0664097, -1.83279
0.93, -0.0709917, -1.79128
0.9325, -0.0754699, -1.74691
0.935, -0.0798372, -1.69975
0.9375, -0.0840866, -1.64985
0.94, -0.0882112, -1.59729
0.9425, -0.0922044, -1.54216
0.945, -0.0960598, -1.48453
0.9475, -0.0997712, -1.4245
0.95, -0.103332, -1.36214
0.9525, -0.106738, -1.29756
0.955, -0.109982, -1.23085
0.9575, -0.113059, -1.16211
0.96, -0.115964, -1.09144
0.9625, -0.118693, -1.01897
0.965, -0.12124, -0.944784
0.9675, -0.123602, -0.869009
0.97, -0.125775, -0.791758
0.9725, -0.127754, -0.713149
0.975, -0.129537, -0.633303
0.9775, -0.13112, -0.552342
0.98, -0.132501, -0.470392
0.9825, -0.133677, -0.387579
0.985, -0.134646, -0.304031
0.9875, -0.135406, -0.219878
0.99, -0.135956, -0.135249
0.9925, -0.136294, -0.0502766
0.995, -0.136419, 0.034907
0.9975, -0.136332, 0.120169
1, -0.136032, 0.205377
1.0025, -0.135518, 0.290397
1.005, -0.134792, 0.375095
1.0075, -0.133855, 0.459341
1.01, -0.132706, 0.543
1.0125, -0.131349, 0.625941
1.015, -0.129784, 0.708034
1.0175, -0.128014, 0.789149
1.02, -0.126041, 0.869158
1.0225, -0.123868, 0.947933
1.025, -0.121498, 1.02535
1.0275, -0.118935, 1.10129
1.03, -0.116182, 1.17562
1.0325, -0.113243, 1.24823
1.035, -0.110122, 1.31901
1.0375, -0.106824, 1.38784
1.04, -0.103355, 1.4546
1.0425, -0.0997183, 1.5192
1.045, -0.0959203, 1.58152
1.0475, -0.0919665, 1.64147
1.05, -0.0878628, 1.69895
1.0525, -0.0836154, 1.75387
1.055, -0.0792308, 1.80613
1.0575, -0.0747154, 1.85565
1.06, -0.0700763, 1.90234
1.0625, -0.0653205, 1.94614
1.065, -0.0604551, 1.98697
1.0675, -0.0554877, 2.02475
1.07, -0.0504258, 2.05943
1.0725, -0.0452773, 2.09095
1.075, -0.0400499, 2.11924
1.0775, -0.0347518, 2.14428
1.08, -0.0293911, 2.166
1.0825, -0.0239761, 2.18437
1.085, -0.0185152, 2.19935
1.0875, -0.0130168, 2.21092
1.09, -0.00748951, 2.21906
1.0925, -0.00194186, 2.22374
1.095, 0.00361748, 2.22495
1.0975, 0.00917986, 2.22269
1.1, 0.0147366, 2.21695
1.1025, 0.020279, 2.20774
1.105, 0.0257983, 2.19507
1.1075, 0.031286, 2.17895
1.11, 0.0367334, 2.15939
1.1125, 0.0421319, 2.13643
1.115, 0.0474729, 2.1101
1.1175, 0.0527482, 2.08043
1.12, 0.0579493, 2.04746
1.1225, 0.0630679, 2.01124
1.125, 0.068096, 1.97183
1.1275, 0.0730256, 1.92927
1.13, 0.0778488, 1.88363
1.1325, 0.0825578, 1.83497
1.135, 0.0871453, 1.78337
1.1375, 0.0916037, 1.72891
1.14, 0.0959259, 1.67165
1.1425, 0.100105, 1.6117
1.145, 0.104134, 1.54913
1.1475, 0.108007, 1.48405
1.15, 0.111717, 1.41655
1.1525, 0.115259, 1.34672
1.155, 0.118625, 1.27469
1.1575, 0.121812, 1.20054
1.16, 0.124814, 1.12441
1.1625, 0.127625, 1.0464
1.165, 0.130241, 0.966638
1.1675, 0.132657, 0.885238
1.17, 0.13487, 0.802327
1.1725, 0.136876, 0.718033
1.175, 0.138671, 0.632486
1.1775, 0.140252, 0.545816
1.18, 0.141617, 0.458159
1.1825, 0.142762, 0.369648
1.185, 0.143686, 0.280422
1.1875, 0.144388, 0.190618
1.19, 0.144864, 0.100375
1.1925, 0.145115, 0.00983537
1.195, 0.14514, -0.0808615
1.1975, 0.144937, -0.171574
1.2, 0.144508, -0.26216
1.2025, 0.143853, -0.352477
1.205, 0.142972, -0.442386
1.2075, 0.141866, -0.531743
1.21, 0.140537, -0.620409
1.2125, 0.138986, -0.708245
1.215, 0.137215, -0.795111
1.2175, 0.135227, -0.88087
1.22, 0.133025, -0.965387
1.2225, 0.130612, -1.04853
1.225, 0.12799, -1.13016
1.2275, 0.125165, -1.21015
1.23, 0.122139, -1.28838
1.2325, 0.118918, -1.36472
1.235, 0.115507, -1.43904
1.2375, 0.111909, -1.51123
1.24, 0.108131, -1.58118
1.2425, 0.104178, -1.64876
1.245, 0.100056, -1.71387
1.2475, 0.0957715, -1.77641
1.25, 0.0913304, -1.83626
1.2525, 0.0867398, -1.89334
1.255, 0.0820064, -1.94756
1.2575, 0.0771375, -1.99881
1.26, 0.0721405, -2.04702
1.2625, 0.0670229, -2.09211
1.265, 0.0617927, -2.134
1.2675, 0.0564577, -2.17262
1.27, 0.0510261, -2.20791
1.2725, 0.0455064, -2.2398
1.275, 0.0399069, -2.26824
1.2775, 0.0342363, -2.29318
1.28, 0.0285033, -2.31458
1.2825, 0.0227169, -2.33239
1.285, 0.0168859, -2.34659
1.2875, 0.0110194, -2.35714
1.29, 0.00512657, -2.36403
1.2925, -0.000783512, -2.36724
1.295, -0.0067016, -2.36675
1.2975, -0.0126185, -2.36256
1.3, -0.0185249, -2.35467
1.3025, -0.0244115, -2.34309
1.305, -0.0302693, -2.32784
1.3075, -0.0360889, -2.30892
1.31, -0.0418611, -2.28636
1.3125, -0.047577, -2.2602
1.315, -0.0532275, -2.23046
1.3175, -0.0588037, -2.1972
1.32, -0.0642967, -2.16044
1.3225, -0.0696978, -2.12026
1.325, -0.0749984, -2.0767
1.3275, -0.0801902, -2.02982
1.33, -0.0852647, -1.9797
1.3325, -0.090214, -1.92641
1.335, -0.09503, -1.87003
1.3375, -0.0997051, -1.81064
1.34, -0.104232, -1.74832
1.3425, -0.108602, -1.68318
1.345, -0.11281, -1.6153
1.3475, -0.116849, -1.54479
1.35, -0.120711, -1.47176
1.3525, -0.12439, -1.39632
1.355, -0.127881, -1.31857
1.3575, -0.131177, -1.23865
1.36, -0.134274, -1.15666
1.3625, -0.137166, -1.07274
1.365, -0.139847, -0.987013
1.3675, -0.142315, -0.899608
1.37, -0.144564, -0.810661
1.3725, -0.146591, -0.720309
1.375, -0.148391, -0.62869
1.3775, -0.149963, -0.535945
1.38, -0.151303, -0.442218
1.3825, -0.152409, -0.347654
1.385, -0.153278, -0.252398
1.3875, -0.153909, -0.1566
1.39, -0.1543, -0.0604069
1.3925, -0.154451, 0.0360307
1.395, -0.154361, 0.132563
1.3975, -0.15403, 0.229038
1.4, -0.153457, 0.325307
1.4025, -0.152644, 0.421218
1.405, -0.151591, 0.51662
1.4075, -0.150299, 0.611364
1.41, -0.148771, 0.705301
1.4125, -0.147008, 0.798283
1.415, -0.145012, 0.890163
1.4175, -0.142786, 0.980795
1.42, -0.140334, 1.07004
1.4225, -0.137659, 1.15775
1.425, -0.134765, 1.24378
1.4275, -0.131656, 1.32801
1.43, -0.128336, 1.4103
1.4325, -0.12481, 1.49051
1.435, -0.121084, 1.56851
1.4375, -0.117162, 1.64419
1.44, -0.113052, 1.71742
1.4425, -0.108758, 1.78807
1.445, -0.104288, 1.85605
1.4475, -0.0996479, 1.92123
1.45, -0.0948449, 1.98351
1.4525, -0.0898861, 2.04278
1.455, -0.0847791, 2.09896
1.4575, -0.0795317, 2.15195
1.46, -0.0741519, 2.20166
1.4625, -0.0686477, 2.248
1.465, -0.0630277, 2.29091
1.4675, -0.0573004, 2.3303
1.47, -0.0514747, 2.36611
1.4725, -0.0455594, 2.39828
1.475, -0.0395637, 2.42676
1.4775, -0.0334968, 2.45149
1.48, -0.0273681, 2.47242
1.4825, -0.021187, 2.48953
1.485, -0.0149632, 2.50277
1.4875, -0.0087063, 2.51212
1.49, -0.002426, 2.51756
1.4925, 0.00386791, 2.51908
1.495, 0.0101656, 2.51666
1.4975, 0.0164573, 2.51031
1.5, 0.022733, 2.50002
1.5025, 0.0289831, 2.48581
1.505, 0.0351976, 2.4677
1.5075, 0.0413669, 2.4457
1.51, 0.0474811, 2.41985
1.5125, 0.0535307, 2.39017
1.515, 0.0595061, 2.35671
1.5175, 0.0653979, 2.31952
1.52, 0.0711967, 2.27865
1.5225, 0.0768934, 2.23415
1.525, 0.0824787, 2.18609
1.5275, 0.087944, 2.13454
1.53, 0.0932803, 2.07958
1.5325, 0.0984793, 2.02128
1.535, 0.103532, 1.95973
1.5375, 0.108432, 1.89502
1.54, 0.113169, 1.82725
1.5425, 0.117737, 1.75652
1.545, 0.122129, 1.68293
1.5475, 0.126336, 1.6066
1.55, 0.130353, 1.52764
1.5525, 0.134172, 1.44617
1.555, 0.137787, 1.36232
1.5575, 0.141193, 1.2762
1.56, 0.144383, 1.18795
1.5625, 0.147353, 1.09771
1.565, 0.150098, 1.00562
1.5675, 0.152612, 0.911807
1.57, 0.154891, 0.816424
1.5725, 0.156932, 0.719617
1.575, 0.158731, 0.621535
1.5775, 0.160285, 0.522328
1.58, 0.161591, 0.42215
1.5825, 0.162646, 0.321155
1.585, 0.163449, 0.219501
1.5875, 0.163998, 0.117346
1.59, 0.164291, 0.0148468
1.5925, 0.164328, -0.0878352
1.595, 0.164109, -0.19054
1.5975, 0.163632, -0.293109
1.6, 0.1629, -0.395379
1.6025, 0.161911, -0.497191
1.605, 0.160668, -0.598386
1.6075, 0.159172, -0.698803
1.61, 0.157425, -0.798286
1.6125, 0.15543, -0.896677
1.615, 0.153188, -0.99382
1.6175, 0.150703, -1.08956
1.62, 0.147979, -1.18375
1.6225, 0.14502, -1.27624
1.625, 0.141829, -1.36688
1.6275, 0.138412, -1.45552
1.63, 0.134773, -1.54203
1.6325, 0.130918, -1.62626
1.635, 0.126853, -1.70809
1.6375, 0.122583, -1.78737
1.64, 0.118114, -1.86398
1.6425, 0.113454, -1.9378
1.645, 0.10861, -2.00871
1.6475, 0.103588, -2.07659
1.65, 0.0983964, -2.14134
1.6525, 0.093043, -2.20283
1.655, 0.087536, -2.26099
1.6575, 0.0818835, -2.3157
1.66, 0.0760942, -2.36687
1.6625, 0.0701771, -2.41443
1.665, 0.064141, -2.45829
1.6675, 0.0579953, -2.49838
1.67, 0.0517493, -2.53463
1.6725, 0.0454127, -2.56697
1.675, 0.0389953, -2.59535
1.6775, 0.0325069, -2.61973
1.68, 0.0259576, -2.64004
1.6825, 0.0193575, -2.65627
1.685, 0.0127168, -2.66836
1.6875, 0.00604592, -2.67631
1.69, -0.000644862, -2.68009
1.6925, -0.00734509, -2.67969
1.695, -0.0140443, -2.6751
1.6975, -0.0207321, -2.66632
1.7, -0.0273979, -2.65336
1.7025, -0.0340313, -2.63624
1.705, -0.0406219, -2.61497
1.7075, -0.0471593, -2.58958
1.71, -0.0536332, -2.56011
1.7125, -0.0600335, -2.52659
1.715, -0.06635, -2.48906
1.7175, -0.0725726, -2.4476
1.72, -0.0786916, -2.40224
1.7225, -0.0846972, -2.35306
1.725, -0.0905798, -2.30012
1.7275, -0.0963301, -2.24351
1.73, -0.101939, -2.1833
1.7325, -0.107397, -2.11959
1.735, -0.112696, -2.05247
1.7375, -0.117827, -1.98203
1.74, -0.122782, -1.90839
1.7425, -0.127553, -1.83165
1.745, -0.132132, -1.75193
1.7475, -0.136512, -1.66935
1.75, -0.140686, -1.58403
1.7525, -0.144646, -1.4961
1.755, -0.148386, -1.40569
1.7575, -0.1519, -1.31295
1.76, -0.155183, -1.21802
1.7625, -0.158228, -1.12103
1.765, -0.16103, -1.02213
1.7675, -0.163586, -0.92149
1.77, -0.165889, -0.819249
1.7725, -0.167937, -0.715568
1.775, -0.169726, -0.610607
1.7775, -0.171253, -0.504528
1.78, -0.172514, -0.397495
1.7825, -0.173508, -0.289674
1.785, -0.174232, -0.181231
1.7875, -0.174685, -0.0723364
1.79, -0.174866, 0.0368418
1.7925, -0.174774, 0.146133
1.795, -0.174409, 0.255367
1.7975, -0.17377, 0.364372
1.8, -0.172859, 0.472978
1.8025, -0.171677, 0.581015
1.805, -0.170224, 0.688313
1.8075, -0.168503, 0.794703
1.81, -0.166517, 0.900018
1.8125, -0.164267, 1.00409
1.815, -0.161756, 1.10676
1.8175, -0.15899, 1.20786
1.82, -0.15597, 1.30722
1.8225, -0.152702, 1.40471
1.825, -0.14919, 1.50014
1.8275, -0.14544, 1.59339
1.83, -0.141456, 1.68429
1.8325, -0.137245, 1.7727
1.835, -0.132814, 1.85848
1.8375, -0.128168, 1.94148
1.84, -0.123314, 2.02159
1.8425, -0.11826, 2.09866
1.845, -0.113013, 2.17257
1.8475, -0.107582, 2.24321
1.85, -0.101974, 2.31044
1.8525, -0.0961977, 2.37418
1.855, -0.0902622, 2.4343
1.8575, -0.0841765, 2.49072
1.86, -0.0779497, 2.54333
1.8625, -0.0715914, 2.59204
1.865, -0.0651113, 2.63679
1.8675, -0.0585193, 2.67748
1.87, -0.0518256, 2.71406
1.8725, -0.0450404, 2.74645
1.875, -0.0381743, 2.7746
1.8775, -0.0312378, 2.79846
1.88, -0.0242417, 2.81798
1.8825, -0.0171967, 2.83313
1.885, -0.0101139, 2.84388
1.8875, -0.00300417, 2.8502
1.89, 0.00412133, 2.85208
1.8925, 0.0112515, 2.8495
1.895, 0.0183753, 2.84247
1.8975, 0.0254815, 2.83099
1.9, 0.0325589, 2.81506
1.9025, 0.0395966, 2.79471
1.905, 0.0465834, 2.76996
1.9075, 0.0535083, 2.74085
1.91, 0.0603604, 2.70741
1.9125, 0.0671289, 2.66968
1.915, 0.0738031, 2.62773
1.9175, 0.0803724, 2.5816
1.92, 0.0868264, 2.53137
1.9225, 0.0931549, 2.4771
1.925, 0.0993476, 2.41888
1.9275, 0.105395, 2.35679
1.93, 0.111287, 2.29091
1.9325, 0.117014, 2.22136
1.935, 0.122567, 2.14823
1.9375, 0.127938, 2.07162
1.94, 0.133117, 1.99166
1.9425, 0.138096, 1.90846
1.945, 0.142867, 1.82215
1.9475, 0.147423, 1.73286
1.95, 0.151755, 1.64072
1.9525, 0.155857, 1.54587
1.955, 0.159721, 1.44846
1.9575, 0.163343, 1.34864
1.96, 0.166714, 1.24655
1.9625, 0.169831, 1.14235
1.965, 0.172686, 1.03621
1.9675, 0.175277, 0.928279
1.97, 0.177598, 0.818731
1.9725, 0.179644, 0.707732
1.975, 0.181414, 0.595454
1.9775, 0.182902, 0.482071
1.98, 0.184108, 0.367757
1.9825, 0.185027, 0.25269
1.985, 0.185659, 0.137048
1.9875, 0.186001, 0.0210111
1.99, 0.186054, -0.0952397
1.9925, 0.185816, -0.211523
1.995, 0.185287, -0.327658
1.9975, 0.184468, -0.443463
2, 0.183359, -0.558755
2.0025, 0.181962, -0.673354
2.005, 0.180279, -0.787081
2.0075, 0.178311, -0.899755
2.01, 0.176062, -1.0112
2.0125, 0.173534, -1.12124
2.015, 0.170731, -1.2297
2.0175, 0.167656, -1.3364
2.02, 0.164315, -1.44119
2.0225, 0.160712, -1.54389
2.025, 0.156853, -1.64433
2.0275, 0.152742, -1.74236
2.03, 0.148386, -1.83783
2.0325, 0.143791, -1.93057
2.035, 0.138965, -2.02044
2.0375, 0.133914, -2.10729
2.04, 0.128646, -2.19099
2.0425, 0.123168, -2.27139
2.045, 0.11749, -2.34837
2.0475, 0.111619, -2.4218
2.05, 0.105564, -2.49156
2.0525, 0.0993354, -2.55754
2.055, 0.0929415, -2.61963
2.0575, 0.0863925, -2.67772
2.06, 0.0796982, -2.73171
2.0625, 0.0728689, -2.78152
2.065, 0.0659151, -2.82706
2.0675, 0.0588474, -2.86826
2.07, 0.0516768, -2.90504
2.0725, 0.0444142, -2.93734
2.075, 0.0370708, -2.9651
2.0775, 0.0296581, -2.98827
2.08, 0.0221874, -3.0068
2.0825, 0.0146704, -3.02067
2.085, 0.00711872, -3.02984
2.0875, -0.000455881, -3.03429
2.09, -0.0080416, -3.034
2.0925, -0.0156266, -3.02898
2.095, -0.0231991, -3.01921
2.0975, -0.0307471, -3.00471
2.1, -0.0382589, -2.9855
2.1025, -0.0457226, -2.96158
2.105, -0.0531266, -2.93301
2.1075, -0.0604591, -2.8998
2.11, -0.0677086, -2.86202
2.1125, -0.0748636, -2.8197
2.115, -0.0819129, -2.77291
2.1175, -0.0888451, -2.72171
2.12, -0.0956494, -2.66618
2.1225, -0.102315, -2.6064
2.125, -0.108831, -2.54246
2.1275, -0.115187, -2.47444
2.13, -0.121373, -2.40245
2.1325, -0.127379, -2.32659
2.135, -0.133196, -2.24698
2.1375, -0.138813, -2.16373
2.14, -0.144222, -2.07697
2.1425, -0.149415, -1.98683
2.145, -0.154382, -1.89345
2.1475, -0.159116, -1.79696
2.15, -0.163608, -1.69751
2.1525, -0.167852, -1.59526
2.155, -0.17184, -1.49035
2.1575, -0.175566, -1.38295
2.16, -0.179023, -1.27322
2.1625, -0.182206, -1.16133
2.165, -0.18511, -1.04745
2.1675, -0.187728, -0.931758
2.17, -0.190058, -0.814428
2.1725, -0.192094, -0.695642
2.175, -0.193833, -0.575583
2.1775, -0.195272, -0.454438
2.18, -0.196408, -0.332393
2.1825, -0.197239, -0.209638
2.185, -0.197763, -0.0863639
2.1875, -0.197979, 0.0372379
2.19, -0.197886, 0.160975
2.1925, -0.197483, 0.284653
2.195, -0.196772, 0.40808
2.1975, -0.195751, 0.531062
2.2, -0.194424, 0.653407
2.2025, -0.19279, 0.774922
2.205, -0.190853, 0.895416
2.2075, -0.188614, 1.0147
2.21, -0.186078, 1.13258
2.2125, -0.183246, 1.24888
2.215, -0.180124, 1.36341
2.2175, -0.176715, 1.47599
2.22, -0.173025, 1.58643
2.2225, -0.169059, 1.69458
2.225, -0.164823, 1.80024
2.2275, -0.160322, 1.90325
2.23, -0.155564, 2.00345
2.2325, -0.150556, 2.10068
2.235, -0.145304, 2.19478
2.2375, -0.139817, 2.28559
2.24, -0.134103, 2.37298
2.2425, -0.12817, 2.45679
2.245, -0.122029, 2.5369
2.2475, -0.115686, 2.61317
2.25, -0.109153, 2.68547
2.2525, -0.10244, 2.75369
2.255, -0.0955554, 2.81772
2.2575, -0.0885111, 2.87744
2.26, -0.0813175, 2.93276
2.2625, -0.0739856, 2.98358
2.265, -0.0665267, 3.02982
2.2675, -0.0589521, 3.0714
2.27, -0.0512736, 3.10825
2.2725, -0.043503, 3.14029
2.275, -0.0356523, 3.16748
2.2775, -0.0277336, 3.18977
2.28, -0.0197592, 3.2071
2.2825, -0.0117414, 3.21945
2.285, -0.00369279, 3.22679
2.2875, 0.00437418, 3.22909
2.29, 0.0124469, 3.22636
2.2925, 0.0205128, 3.21858
2.295, 0.0285593, 3.20576
2.2975, 0.0365737, 3.18791
2.3, 0.0445435, 3.16505
2.3025, 0.0524561, 3.13721
2.305, 0.0602991, 3.10443
2.3075, 0.0680602, 3.06674
2.31, 0.0757271, 3.0242
2.3125, 0.0832876, 2.97687
2.315, 0.0907297, 2.92482
2.3175, 0.0980418, 2.86811
2.32, 0.105212, 2.80684
2.3225, 0.112229, 2.74108
2.325, 0.119082, 2.67094
2.3275, 0.125759, 2.59651
2.33, 0.13225, 2.51791
2.3325, 0.138545, 2.43525
2.335, 0.144633, 2.34866
2.3375, 0.150505, 2.25827
2.34, 0.156151, 2.1642
2.3425, 0.161561, 2.06661
2.345, 0.166728, 1.96563
2.3475, 0.171642, 1.86143
2.35, 0.176295, 1.75415
2.3525, 0.180681, 1.64397
2.355, 0.184791, 1.53104
2.3575, 0.188618, 1.41555
2.36, 0.192157, 1.29766
2.3625, 0.195401, 1.17756
2.365, 0.198345, 1.05544
2.3675, 0.200984, 0.931471
2.37, 0.203312, 0.805856
2.3725, 0.205327, 0.678785
2.375, 0.207024, 0.550456
2.3775, 0.2084, 0.421066
2.38, 0.209453, 0.290816
2.3825, 0.21018, 0.159908
2.385, 0.21058, 0.0285452
2.3875, 0.210651, -0.103067
2.39, 0.210393, -0.234724
2.3925, 0.209807, -0.36622
2.395, 0.208891, -0.497349
2.3975, 0.207648, -0.627906
2.4, 0.206078, -0.757686
2.4025, 0.204184, -0.886484
2.405, 0.201967, -1.0141
2.4075, 0.199432, -1.14033
2.41, 0.196581, -1.26497
2.4125, 0.193419, -1.38784
2.415, 0.189949, -1.50872
2.4175, 0.186178, -1.62744
2.42, 0.182109, -1.7438
2.4225, 0.177749, -1.85762
2.425, 0.173105, -1.96872
2.4275, 0.168184, -2.07691
2.43, 0.162991, -2.18202
2.4325, 0.157536, -2.28389
2.435, 0.151827, -2.38235
2.4375, 0.145871, -2.47724
2.44, 0.139678, -2.56841
2.4425, 0.133257, -2.65571
2.445, 0.126617, -2.739
2.4475, 0.11977, -2.81813
2.45, 0.112724, -2.89299
2.4525, 0.105492, -2.96344
2.455, 0.0980834, -3.02937
2.4575, 0.09051, -3.09067
2.46, 0.0827833, -3.14724
2.4625, 0.0749152, -3.19898
2.465, 0.0669177, -3.2458
2.4675, 0.0588032, -3.28763
2.47, 0.0505841, -3.32438
2.4725, 0.0422732, -3.356
2.475, 0.0338832, -3.38242
2.4775, 0.0254272, -3.40359
2.48, 0.0169182, -3.41949
2.4825, 0.00836946, -3.43006
2.485, -0.000205687, -3.43529
2.4875, -0.00879391, -3.43516
2.49, -0.0173818, -3.42967
2.4925, -0.025956, -3.4188
2.495, -0.034503, -3.40258
2.4975, -0.0430094, -3.38101
2.5, -0.051462, -3.35413
2.5025, -0.0598473, -3.32197
2.505, -0.0681522, -3.28457
2.5075, -0.0763636, -3.24197
2.51, -0.0844686, -3.19424
2.5125, -0.0924542, -3.14145
2.515, -0.100308, -3.08367
2.5175, -0.108017, -3.02097
2.52, -0.115569, -2.95346
2.5225, -0.122953, -2.88123
2.525, -0.130156, -2.80439
2.5275, -0.137167, -2.72304
2.53, -0.143975, -2.63731
2.5325, -0.150568, -2.54733
2.535, -0.156936, -2.45322
2.5375, -0.163069, -2.35514
2.54, -0.168957, -2.25322
2.5425, -0.17459, -2.14762
2.545, -0.179959, -2.0385
2.5475, -0.185056, -1.92603
2.55, -0.189871, -1.81037
2.5525, -0.194397, -1.6917
2.555, -0.198626, -1.5702
2.5575, -0.202551, -1.44606
2.56, -0.206166, -1.31946
2.5625, -0.209465, -1.19061
2.565, -0.212442, -1.05969
2.5675, -0.215091, -0.926918
2.57, -0.217408, -0.792486
2.5725, -0.219389, -0.656606
2.575, -0.221031, -0.519487
2.5775, -0.22233, -0.381343
2.58, -0.223283, -0.242387
2.5825, -0.223889, -0.102835
2.585, -0.224146, 0.0370951
2.5875, -0.224053, 0.177186
2.59, -0.22361, 0.31722
2.5925, -0.222817, 0.456976
2.595, -0.221675, 0.596237
2.5975, -0.220184, 0.734784
2.6, -0.218347, 0.872399
2.6025, -0.216166, 1.00887
2.605, -0.213644, 1.14397
2.6075, -0.210784, 1.2775
2.61, -0.20759, 1.40924
2.6125, -0.204067, 1.53898
2.615, -0.20022, 1.66652
2.6175, -0.196054, 1.79166
2.62, -0.191574, 1.91419
2.6225, -0.186789, 2.03393
2.625, -0.181704, 2.15067
2.6275, -0.176327, 2.26424
2.63, -0.170667, 2.37444
2.6325, -0.164731, 2.48111
2.635, -0.158528, 2.58406
2.6375, -0.152068, 2.68314
2.64, -0.14536, 2.77819
2.6425, -0.138414, 2.86904
2.645, -0.131242, 2.95555
2.6475, -0.123853, 3.03757
2.65, -0.116259, 3.11498
2.6525, -0.108472, 3.18764
2.655, -0.100503, 3.25544
2.6575, -0.0923639, 3.31825
2.66, -0.0840683, 3.37598
2.6625, -0.0756284, 3.42852
2.665, -0.0670571, 3.47579
2.6675, -0.0583676, 3.5177
2.67, -0.0495733, 3.55418
2.6725, -0.0406879, 3.58516
2.675, -0.031725, 3.61059
2.6775, -0.0226985, 3.63042
2.68, -0.0136224, 3.64461
2.6825, -0.00451093, 3.65312
2.685, 0.00462187, 3.65594
2.6875, 0.0137617, 3.65305
2.69, 0.0228944, 3.64445
2.6925, 0.0320055, 3.63014
2.695, 0.0410808, 3.61014
2.6975, 0.0501062, 3.58446
2.7, 0.0590673, 3.55315
2.7025, 0.0679502, 3.51623
2.705, 0.0767408, 3.47376
2.7075, 0.0854252, 3.4258
2.71, 0.0939897, 3.37241
2.7125, 0.102421, 3.31366
2.715, 0.110705, 3.24965
2.7175, 0.118829, 3.18046
2.72, 0.12678, 3.10619
2.7225, 0.134546, 3.02695
2.725, 0.142113, 2.94286
2.7275, 0.14947, 2.85404
2.73, 0.156605, 2.76062
2.7325, 0.163507, 2.66275
2.735, 0.170164, 2.56055
2.7375, 0.176565, 2.4542
2.74, 0.182701, 2.34385
2.7425, 0.18856, 2.22966
2.745, 0.194134, 2.11181
2.7475, 0.199414, 1.99048
2.75, 0.20439, 1.86584
2.7525, 0.209055, 1.7381
2.755, 0.2134, 1.60744
2.7575, 0.217418, 1.47406
2.76, 0.221104, 1.33818
2.7625, 0.224449, 1.19999
2.765, 0.227449, 1.05971
2.7675, 0.230098, 0.917552
2.77, 0.232392, 0.77374
2.7725, 0.234327, 0.628495
2.775, 0.235898, 0.482041
2.7775, 0.237103, 0.334605
2.78, 0.237939, 0.186416
2.7825, 0.238405, 0.0377037
2.785, 0.2385, -0.1113
2.7875, 0.238221, -0.260362
2.79, 0.237571, -0.40925
2.7925, 0.236547, -0.557732
2.795, 0.235153, -0.705574
2.7975, 0.233389, -0.852545
2.8, 0.231258, -0.998413
2.8025, 0.228762, -1.14295
2.805, 0.225904, -1.28593
2.8075, 0.22269, -1.42712
2.81, 0.219122, -1.5663
2.8125, 0.215206, -1.70325
2.815, 0.210948, -1.83775
2.8175, 0.206354, -1.96959
2.82, 0.20143, -2.09856
2.8225, 0.196183, -2.22446
2.825, 0.190622, -2.34707
2.8275, 0.184754, -2.46621
2.83, 0.178589, -2.58168
2.8325, 0.172135, -2.6933
2.835, 0.165401, -2.80089
2.8375, 0.158399, -2.90426
2.84, 0.151138, -3.00326
2.8425, 0.14363, -3.09772
2.845, 0.135886, -3.18749
2.8475, 0.127917, -3.27242
2.85, 0.119736, -3.35237
2.8525, 0.111355, -3.4272
2.855, 0.102787, -3.4968
2.8575, 0.0940453, -3.56104
2.86, 0.0851427, -3.61982
2.8625, 0.0760932, -3.67303
2.865, 0.0669106, -3.72059
2.8675, 0.0576091, -3.76241
2.87, 0.0482031, -3.79842
2.8725, 0.038707, -3.82854
2.875, 0.0291356, -3.85274
2.8775, 0.0195038, -3.87095
2.88, 0.00982644, -3.88314
2.8825, 0.000118597, -3.88928
2.885, -0.0096046, -3.88935
2.8875, -0.019328, -3.88335
2.89, -0.0290364, -3.87127
2.8925, -0.0387145, -3.85312
2.895, -0.0483473, -3.82892
2.8975, -0.0579196, -3.79871
2.9, -0.0674164, -3.76251
2.9025, -0.0768227, -3.72037
2.905, -0.0861236, -3.67236
2.9075, -0.0953045, -3.61853
2.91, -0.104351, -3.55897
2.9125, -0.113248, -3.49375
2.915, -0.121983, -3.42297
2.9175, -0.13054, -3.34673
2.92, -0.138907, -3.26514
2.9225, -0.14707, -3.17832
2.925, -0.155016, -3.0864
2.9275, -0.162732, -2.98952
2.93, -0.170205, -2.88781
2.9325, -0.177425, -2.78143
2.935, -0.184378, -2.67054
2.9375, -0.191055, -2.55531
2.94, -0.197443, -2.4359
2.9425, -0.203533, -2.3125
2.945, -0.209314, -2.18529
2.9475, -0.214777, -2.05447
2.95, -0.219913, -1.92023
2.9525, -0.224714, -1.78279
2.955, -0.229171, -1.64234
2.9575, -0.233277, -1.49911
2.96, -0.237025, -1.35331
2.9625, -0.240408, -1.20517
2.965, -0.243421, -1.05491
2.9675, -0.246058, -0.902776
2.97, -0.248315, -0.748989
2.9725, -0.250187, -0.593793
2.975, -0.251672, -0.437425
2.9775, -0.252766, -0.28013
2.98, -0.253466, -0.122152
2.9825, -0.253771, 0.0362642
2.985, -0.253681, 0.194871
2.9875, -0.253193, 0.353422
2.99, -0.25231, 0.511667
2.9925, -0.251031, 0.669361
2.995, -0.249357, 0.826255
2.9975, -0.247292, 0.982104
3, -0.244836, 1.13666
3.0025, -0.241995, 1.28968
3.005, -0.238771, 1.44093
3.0075, -0.235168, 1.59016
3.01, -0.231193, 1.73714
3.0125, -0.22685, 1.88164
3.015, -0.222146, 2.02342
3.0175, -0.217087, 2.16226
3.02, -0.211682, 2.29794
3.0225, -0.205937, 2.43024
3.025, -0.199861, 2.55895
3.0275, -0.193464, 2.68386
3.03, -0.186754, 2.80478
3.0325, -0.179742, 2.9215
3.035, -0.172438, 3.03384
3.0375, -0.164854, 3.14161
3.04, -0.157, 3.24465
3.0425, -0.148888, 3.34277
3.045, -0.140531, 3.43583
3.0475, -0.131942, 3.52366
3.05, -0.123133, 3.60612
3.0525, -0.114117, 3.68308
3.055, -0.10491, 3.7544
3.0575, -0.0955235, 3.81997
3.06, -0.0859736, 3.87967
3.0625, -0.0762744, 3.93341
3.065, -0.0664409, 3.98108
3.0675, -0.0564882, 4.0226
3.07, -0.0464317, 4.05791
3.0725, -0.0362869, 4.08693
3.075, -0.0260696, 4.10961
3.0775, -0.0157956, 4.1259
3.08, -0.00548081, 4.13577
3.0825, 0.00485862, 4.1392
3.085, 0.0152066, 4.13616
3.0875, 0.025547, 4.12666
3.09, 0.0358637, 4.11069
3.0925, 0.0461404, 4.08828
3.095, 0.0563611, 4.05944
3.0975, 0.0665097, 4.02421
3.1, 0.0765702, 3.98265
3.1025, 0.0865269, 3.93479
3.105, 0.0963638, 3.88071
3.1075, 0.106066, 3.82048
3.11, 0.115617, 3.75419
3.1125, 0.125002, 3.68193
3.115, 0.134207, 3.6038
3.1175, 0.143217, 3.51993
3.12, 0.152016, 3.43042
3.1225, 0.160592, 3.3354
3.125, 0.168931, 3.23503
3.1275, 0.177019, 3.12945
3.13, 0.184842, 3.01882
3.1325, 0.192389, 2.90329
3.135, 0.199647, 2.78305
3.1375, 0.206605, 2.65827
3.14, 0.213251, 2.52914
3.1425, 0.219574, 2.39586
3.145, 0.225563, 2.25862
3.1475, 0.23121, 2.11765
3.15, 0.236504, 1.97314
3.1525, 0.241437, 1.82533
3.155, 0.246, 1.67443
3.1575, 0.250186, 1.52068
3.16, 0.253988, 1.36431
3.1625, 0.257399, 1.20557
3.165, 0.260413, 1.04469
3.1675, 0.263024, 0.881936
3.17, 0.265229, 0.717546
3.1725, 0.267023, 0.551778
3.175, 0.268402, 0.384889
3.1775, 0.269365, 0.217137
3.18, 0.269907, 0.0487841
3.1825, 0.270029, -0.119908
3.185, 0.26973, -0.288676
3.1875, 0.269008, -0.457258
3.19, 0.267865, -0.625388
3.1925, 0.266301, -0.792803
3.195, 0.264319, -0.959241
3.1975, 0.261921, -1.12444
3.2, 0.25911, -1.28814
3.2025, 0.25589, -1.45009
3.205, 0.252265, -1.61002
3.2075, 0.24824, -1.76768
3.21, 0.24382, -1.92283
3.2125, 0.239013, -2.07522
3.215, 0.233825, -2.2246
3.2175, 0.228264, -2.37074
3.22, 0.222337, -2.51341
3.2225, 0.216053, -2.65237
3.225, 0.209422, -2.7874
3.2275, 0.202454, -2.91829
3.23, 0.195158, -3.04483
3.2325, 0.187546, -3.1668
3.235, 0.179629, -3.28402
3.2375, 0.171419, -3.39628
3.24, 0.162928, -3.50342
3.2425, 0.15417, -3.60525
3.245, 0.145157, -3.70161
3.2475, 0.135903, -3.79233
3.25, 0.126422, -3.87727
3.2525, 0.116729, -3.95628
3.255, 0.106838, -4.02924
3.2575, 0.0967649, -4.09601
3.26, 0.0865249, -4.15649
3.2625, 0.0761336, -4.21057
3.265, 0.0656072, -4.25815
3.2675, 0.0549618, -4.29916
3.27, 0.0442139, -4.33351
3.2725, 0.0333802, -4.36114
3.275, 0.0224773, -4.382
3.2775, 0.0115223, -4.39605
3.28, 0.000532183, -4.40325
3.2825, -0.0104759, -4.40359
3.285, -0.0214849, -4.39704
3.2875, -0.0324775, -4.38361
3.29, -0.0434365, -4.36331
3.2925, -0.0543448, -4.33616
3.295, -0.0651852, -4.3022
3.2975, -0.0759407, -4.26146
3.3, -0.0865944, -4.21399
3.3025, -0.0971293, -4.15987
3.305, -0.107529, -4.09917
3.3075, -0.117777, -4.03196
3.31, -0.127857, -3.95835
3.3125, -0.137753, -3.87844
3.315, -0.147449, -3.79235
3.3175, -0.15693, -3.70019
3.32, -0.16618, -3.60211
3.3225, -0.175185, -3.49825
3.325, -0.183931, -3.38875
3.3275, -0.192403, -3.2738
3.33, -0.200587, -3.15355
3.3325, -0.208471, -3.02818
3.335, -0.216042, -2.89788
3.3375, -0.223286, -2.76286
3.34, -0.230194, -2.6233
3.3425, -0.236752, -2.47943
3.345, -0.24295, -2.33146
3.3475, -0.248779, -2.17962
3.35, -0.254228, -2.02413
3.3525, -0.259288, -1.86524
3.355, -0.263952, -1.70318
3.3575, -0.26821, -1.53821
3.36, -0.272055, -1.37058
3.3625, -0.275482, -1.20055
3.365, -0.278483, -1.02837
3.3675, -0.281054, -0.854322
3.37, -0.28319, -0.678663
3.3725, -0.284886, -0.501669
3.375, -0.28614, -0.323615
3.3775, -0.28695, -0.144778
3.38, -0.287311, 0.0345658
3.3825, -0.287225, 0.214135
3.385, -0.28669, 0.393651
3.3875, -0.285706, 0.572832
3.39, -0.284274, 0.751398
3.3925, -0.282395, 0.929069
3.395, -0.280072, 1.10557
3.3975, -0.277308, 1.28061
3.4, -0.274107, 1.45393
3.4025, -0.270472, 1.62525
3.405, -0.266409, 1.79429
3.4075, -0.261923, 1.9608
3.41, -0.257021, 2.1245
3.4125, -0.25171, 2.28514
3.415, -0.245997, 2.44246
3.4175, -0.239891, 2.5962
3.42, -0.233401, 2.74614
3.4225, -0.226535, 2.89201
3.425, -0.219305, 3.0336
3.4275, -0.211721, 3.17066
3.43, -0.203795, 3.30299
3.4325, -0.195537, 3.43036
3.435, -0.186961, 3.55257
3.4375, -0.17808, 3.66942
3.44, -0.168906, 3.78072
3.4425, -0.159454, 3.88629
3.445, -0.149739, 3.98594
3.4475, -0.139774, 4.07953
3.45, -0.129575, 4.16689
3.4525, -0.119158, 4.24787
3.455, -0.108538, 4.32235
3.4575, -0.0977322, 4.39018
3.46, -0.0867567, 4.45127
3.4625, -0.0756285, 4.50549
3.465, -0.0643648, 4.55276
3.4675, -0.0529829, 4.59299
3.47, -0.0415005, 4.6261
3.4725, -0.0299352, 4.65204
3.475, -0.0183051, 4.67075
3.4775, -0.00662825, 4.68219
3.48, 0.00507722, 4.68633
3.4825, 0.016793, 4.68316
3.485, 0.0285009, 4.67266
3.4875, 0.0401826, 4.65485
3.49, 0.0518197, 4.62973
3.4925, 0.0633941, 4.59735
3.495, 0.0748874, 4.55773
3.4975, 0.0862817, 4.51092
3.5, 0.097559, 4.457
3.5025, 0.108702, 4.39602
3.505, 0.119692, 4.32808
3.5075, 0.130512, 4.25328
3.51, 0.141145, 4.17171
3.5125, 0.151574, 4.08349
3.515, 0.161783, 3.98876
3.5175, 0.171755, 3.88764
3.52, 0.181474, 3.78029
3.5225, 0.190925, 3.66687
3.525, 0.200092, 3.54755
3.5275, 0.208961, 3.42249
3.53, 0.217517, 3.29189
3.5325, 0.225747, 3.15594
3.535, 0.233637, 3.01485
3.5375, 0.241174, 2.86883
3.54, 0.248346, 2.71809
3.5425, 0.255141, 2.56288
3.545, 0.261548, 2.40341
3.5475, 0.267557, 2.23994
3.55, 0.273157, 2.07272
3.5525, 0.278338, 1.902
3.555, 0.283093, 1.72804
3.5575, 0.287413, 1.5511
3.56, 0.291291, 1.37147
3.5625, 0.29472, 1.18941
3.565, 0.297693, 1.00521
3.5675, 0.300206, 0.819156
3.57, 0.302254, 0.631527
3.5725, 0.303833, 0.442618
3.575, 0.30494, 0.252722
3.5775, 0.305571, 0.0621347
3.58, 0.305727, -0.128848
3.5825, 0.305405, -0.319927
3.585, 0.304605, -0.510805
3.5875, 0.303328, -0.701183
3.59, 0.301575, -0.890763
3.5925, 0.299348, -1.07925
3.595, 0.29665, -1.26634
3.5975, 0.293484, -1.45175
3.6, 0.289855, -1.63517
3.6025, 0.285767, -1.81633
3.605, 0.281226, -1.99494
3.6075, 0.276239, -2.1707
3.61, 0.270812, -2.34335
3.6125, 0.264953, -2.51261
3.615, 0.258672, -2.67821
3.6175, 0.251976, -2.83988
3.62, 0.244877, -2.99736
3.6225, 0.237383, -3.15041
3.625, 0.229507, -3.29877
3.6275, 0.22126, -3.44221
3.63, 0.212655, -3.5805
3.6325, 0.203704, -3.71341
3.635, 0.19442, -3.84073
3.6375, 0.184818, -3.96224
3.64, 0.174913, -4.07775
3.6425, 0.164718, -4.18707
3.645, 0.154251, -4.29002
3.6475, 0.143526, -4.38643
3.65, 0.132559, -4.47613
3.6525, 0.121369, -4.55898
3.655, 0.109972, -4.63484
3.6575, 0.0983846, -4.70357
3.66, 0.0866257, -4.76506
3.6625, 0.074713, -4.8192
3.665, 0.062665, -4.86589
3.6675, 0.0505003, -4.90506
3.67, 0.0382376, -4.93662
3.6725, 0.0258961, -4.96052
3.675, 0.0134948, -4.97671
3.6775, 0.00105301, -4.98514
3.68, -0.0114098, -4.9858
3.6825, -0.0238743, -4.97867
3.685, -0.036321, -4.96375
3.6875, -0.0487304, -4.94105
3.69, -0.061083, -4.91059
3.6925, -0.0733595, -4.87241
3.695, -0.0855405, -4.82656
3.6975, -0.0976069, -4.7731
3.7, -0.10954, -4.7121
3.7025, -0.12132, -4.64363
3.705, -0.132929, -4.56781
3.7075, -0.144348, -4.48473
3.71, -0.15556, -4.39451
3.7125, -0.166547, -4.29728
3.715, -0.17729, -4.19319
3.7175, -0.187773, -4.08239
3.72, -0.197979, -3.96503
3.7225, -0.207891, -3.84129
3.725, -0.217495, -3.71136
3.7275, -0.226773, -3.57543
3.73, -0.235712, -3.43369
3.7325, -0.244296, -3.28637
3.735, -0.252512, -3.13369
3.7375, -0.260346, -2.97587
3.74, -0.267786, -2.81315
3.7425, -0.274818, -2.64579
3.745, -0.281433, -2.47402
3.7475, -0.287618, -2.29813
3.75, -0.293363, -2.11837
3.7525, -0.298659, -1.93502
3.755, -0.303497, -1.74835
3.7575, -0.307868, -1.55867
3.76, -0.311764, -1.36625
3.7625, -0.31518, -1.1714
3.765, -0.318108, -0.974411
3.7675, -0.320544, -0.775593
3.77, -0.322483, -0.575253
3.7725, -0.323922, -0.373701
3.775, -0.324856, -0.17125
3.7775, -0.325284, 0.031785
3.78, -0.325205, 0.235087
3.7825, -0.324617, 0.43834
3.785, -0.323521, 0.641226
3.7875, -0.321918, 0.843426
3.79, -0.319809, 1.04463
3.7925, -0.317198, 1.24451
3.795, -0.314086, 1.44275
3.7975, -0.31048, 1.63906
3.8, -0.306382, 1.83311
3.8025, -0.301799, 2.0246
3.805, -0.296738, 2.21322
3.8075, -0.291205, 2.39868
3.81, -0.285208, 2.58069
3.8125, -0.278756, 2.75894
3.815, -0.271859, 2.93316
3.8175, -0.264526, 3.10307
3.82, -0.256768, 3.2684
3.8225, -0.248597, 3.42888
3.825, -0.240025, 3.58426
3.8275, -0.231064, 3.73427
3.83, -0.221729, 3.87869
3.8325, -0.212032, 4.01727
3.835, -0.201989, 4.14979
3.8375, -0.191614, 4.27603
3.84, -0.180924, 4.39579
3.8425, -0.169935, 4.50887
3.845, -0.158663, 4.61508
3.8475, -0.147125, 4.71424
3.85, -0.135339, 4.80619
3.8525, -0.123324, 4.89078
3.855, -0.111097, 4.96786
3.8575, -0.0986773, 5.03729
3.86, -0.086084, 5.09897
3.8625, -0.0733366, 5.15277
3.865, -0.0604547, 5.19861
3.8675, -0.0474582, 5.23639
3.87, -0.0343672, 5.26605
3.8725, -0.0212021, 5.28753
3.875, -0.00798323, 5.30078
3.8775, 0.00526873, 5.30577
3.88, 0.0185332, 5.30248
3.8825, 0.0317894, 5.2909
3.885, 0.0450166, 5.27103
3.8875, 0.0581942, 5.24289
3.89, 0.0713014, 5.20652
3.8925, 0.0843177, 5.16196
3.895, 0.0972226, 5.10926
3.8975, 0.109996, 5.04849
3.9, 0.122617, 4.97975
3.9025, 0.135066, 4.90311
3.905, 0.147324, 4.81869
3.9075, 0.159371, 4.72662
3.91, 0.171187, 4.62701
3.9125, 0.182755, 4.52002
3.915, 0.194055, 4.4058
3.9175, 0.205069, 4.28451
3.92, 0.215781, 4.15634
3.9225, 0.226172, 4.02148
3.925, 0.236225, 3.88012
3.9275, 0.245926, 3.73248
3.93, 0.255257, 3.57878
3.9325, 0.264204, 3.41924
3.935, 0.272752, 3.25412
3.9375, 0.280887, 3.08365
3.94, 0.288596, 2.90809
3.9425, 0.295867, 2.72772
3.945, 0.302686, 2.5428
3.9475, 0.309043, 2.35362
3.95, 0.314927, 2.16047
3.9525, 0.320328, 1.96364
3.955, 0.325237, 1.76344
3.9575, 0.329646, 1.56016
3.96, 0.333546, 1.35414
3.9625, 0.336932, 1.14567
3.965, 0.339796, 0.935088
3.9675, 0.342133, 0.722715
3.97, 0.34394, 0.508882
3.9725, 0.345212, 0.293919
3.975, 0.345947, 0.0781617
3.9775, 0.346143, -0.138055
3.98, 0.345797, -0.354394
3.9825, 0.344911, -0.570518
3.985, 0.343485, -0.786087
3.9875, 0.34152, -1.00077
3.99, 0.339018, -1.21422
3.9925, 0.335983, -1.4261
3.995, 0.332417, -1.63609
3.9975, 0.328327, -1.84385
4, 0.323717, -2.04906
4.0025, 0.318595, -2.25138
4.005, 0.312966, -2.4505
4.0075, 0.30684, -2.64611
4.01, 0.300225, -2.83788
4.0125, 0.29313, -3.02552
4.015, 0.285566, -3.20873
4.0175, 0.277544, -3.38721
4.02, 0.269076, -3.56067
4.0225, 0.260175, -3.72884
4.025, 0.250853, -3.89145
4.0275, 0.241124, -4.04824
4.03, 0.231003, -4.19894
4.0325, 0.220506, -4.34332
4.035, 0.209648, -4.48113
4.0375, 0.198445, -4.61216
4.04, 0.186915, -4.73619
4.0425, 0.175074, -4.85301
4.045, 0.162942, -4.96243
4.0475, 0.150535, -5.06427
4.05, 0.137875, -5.15836
4.0525, 0.124979, -5.24453
4.055, 0.111868, -5.32264
4.0575, 0.098561, -5.39256
4.06, 0.0850796, -5.45416
4.0625, 0.0714442, -5.50733
4.065, 0.0576759, -5.55199
4.0675, 0.0437959, -5.58803
4.07, 0.0298258, -5.61541
4.0725, 0.0157873, -5.63405
4.075, 0.0017022, -5.64391
4.0775, -0.0124076, -5.64498
4.08, -0.02652, -5.63722
4.0825, -0.0406131, -5.62065
4.085, -0.0546647, -5.59526
4.0875, -0.0686529, -5.5611
4.09, -0.0825556, -5.51819
4.0925, -0.0963511, -5.46659
4.095, -0.110018, -5.40637
4.0975, -0.123534, -5.33761
4.1, -0.136878, -5.2604
4.1025, -0.150029, -5.17486
4.105, -0.162966, -5.08109
4.1075, -0.175668, -4.97923
4.11, -0.188116, -4.86944
4.1125, -0.20029, -4.75187
4.115, -0.21217, -4.62669
4.1175, -0.223736, -4.49408
4.12, -0.234972, -4.35425
4.1225, -0.245857, -4.20739
4.125, -0.256376, -4.05373
4.1275, -0.26651, -3.89349
4.13, -0.276244, -3.72692
4.1325, -0.285561, -3.55427
4.135, -0.294447, -3.3758
4.1375, -0.302886, -3.19177
4.14, -0.310866, -3.00246
4.1425, -0.318372, -2.80817
4.145, -0.325392, -2.60919
4.1475, -0.331915, -2.40582
4.15, -0.33793, -2.19837
4.1525, -0.343426, -1.98717
4.155, -0.348394, -1.77253
4.1575, -0.352825, -1.55478
4.16, -0.356712, -1.33426
4.1625, -0.360048, -1.11132
4.165, -0.362826, -0.886289
4.1675, -0.365042, -0.659523
4.17, -0.36669, -0.431372
4.1725, -0.367769, -0.20219
4.175, -0.368274, 0.0276655
4.1775, -0.368205, 0.257837
4.18, -0.367561, 0.487965
4.1825, -0.366341, 0.717691
4.185, -0.364546, 0.946653
4.1875, -0.36218, 1.1745
4.19, -0.359244, 1.40086
4.1925, -0.355741, 1.62538
4.195, -0.351678, 1.84772
4.1975, -0.347059, 2.06752
4.2, -0.34189, 2.28443
4.2025, -0.336179, 2.49811
4.205, -0.329933, 2.70823
4.2075, -0.323163, 2.91443
4.21, -0.315877, 3.11641
4.2125, -0.308086, 3.31383
4.215, -0.299801, 3.50639
4.2175, -0.291035, 3.69376
4.22, -0.281801, 3.87566
4.2225, -0.272112, 4.05179
4.225, -0.261982, 4.22186
4.2275, -0.251428, 4.3856
4.23, -0.240464, 4.54274
4.2325, -0.229107, 4.69303
4.235, -0.217374, 4.83622
4.2375, -0.205284, 4.97208
4.24, -0.192853, 5.10038
4.2425, -0.180102, 5.22091
4.245, -0.16705, 5.33348
4.2475, -0.153717, 5.43788
4.25, -0.140122, 5.53396
4.2525, -0.126287, 5.62153
4.255, -0.112233, 5.70046
4.2575, -0.0979819, 5.77061
4.26, -0.0835554, 5.83185
4.2625, -0.0689758, 5.88407
4.265, -0.0542656, 5.92718
4.2675, -0.0394477, 5.96109
4.27, -0.0245449, 5.98575
4.2725, -0.00958056, 6.00109
4.275, 0.00542217, 6.00708
4.2775, 0.0204399, 6.00369
4.28, 0.0354491, 5.99091
4.2825, 0.0504264, 5.96876
4.285, 0.0653483, 5.93724
4.2875, 0.0801914, 5.8964
4.29, 0.0949324, 5.84628
4.2925, 0.109548, 5.78695
4.295, 0.124015, 5.71848
4.2975, 0.138312, 5.64097
4.3, 0.152414, 5.55452
4.3025, 0.1663, 5.45927
4.305, 0.179949, 5.35533
4.3075, 0.193337, 5.24286
4.31, 0.206444, 5.12203
4.3125, 0.219249, 4.993
4.315, 0.231732, 4.85597
4.3175, 0.243871, 4.71113
4.32, 0.255649, 4.55872
4.3225, 0.267046, 4.39893
4.325, 0.278043, 4.23203
4.3275, 0.288624, 4.05825
4.33, 0.298769, 3.87786
4.3325, 0.308464, 3.69113
4.335, 0.317692, 3.49834
4.3375, 0.326437, 3.29979
4.34, 0.334687, 3.09576
4.3425, 0.342426, 2.88658
4.345, 0.349643, 2.67257
4.3475, 0.356324, 2.45404
4.35, 0.362459, 2.23134
4.3525, 0.368038, 2.0048
4.355, 0.37305, 1.77478
4.3575, 0.377487, 1.54162
4.36, 0.381341, 1.30569
4.3625, 0.384605, 1.06735
4.365, 0.387273, 0.826975
4.3675, 0.389341, 0.584929
4.37, 0.390803, 0.341591
4.3725, 0.391657, 0.0973395
4.375, 0.3919, -0.147446
4.3775, 0.391532, -0.392384
4.38, 0.390551, -0.637091
4.3825, 0.388958, -0.881185
4.385, 0.386755, -1.12428
4.3875, 0.383944, -1.36601
4.39, 0.380529, -1.60597
4.3925, 0.376514, -1.8438
4.395, 0.371905, -2.07912
4.3975, 0.366707, -2.31156
4.4, 0.360928, -2.54076
4.4025, 0.354576, -2.76634
4.405, 0.34766, -2.98795
4.4075, 0.340191, -3.20523
4.41, 0.332178, -3.41785
4.4125, 0.323633, -3.62546
4.415, 0.314569, -3.82774
4.4175, 0.305, -4.02434
4.42, 0.294939, -4.21497
4.4225, 0.284402, -4.3993
4.425, 0.273403, -4.57705
4.4275, 0.261961, -4.74793
4.43, 0.250091, -4.91166
4.4325, 0.237812, -5.06796
4.435, 0.225142, -5.2166
4.4375, 0.2121, -5.35731
4.44, 0.198707, -5.48987
4.4425, 0.184982, -5.61406
4.445, 0.170947, -5.72968
4.4475, 0.156623, -5.83652
4.45, 0.142032, -5.93441
4.4525, 0.127196, -6.02318
4.455, 0.112138, -6.10268
4.4575, 0.0968811, -6.17276
4.46, 0.0814492, -6.23331
4.4625, 0.0658659, -6.28422
4.465, 0.0501554, -6.32539
4.4675, 0.0343419, -6.35673
4.47, 0.0184501, -6.3782
4.4725, 0.00250458, -6.38973
4.475, -0.0134697, -6.39129
4.4775, -0.029448, -6.38287
4.48, -0.0454052, -6.36447
4.4825, -0.0613163, -6.33609
4.485, -0.0771566, -6.29777
4.4875, -0.092901, -6.24955
4.49, -0.108525, -6.19148
4.4925, -0.124004, -6.12365
4.495, -0.139313, -6.04615
4.4975, -0.154428, -5.95908
4.5, -0.169326, -5.86256
4.5025, -0.183982, -5.75674
4.505, -0.198374, -5.64175
4.5075, -0.212478, -5.51776
4.51, -0.226273, -5.38496
4.5125, -0.239735, -5.24354
4.515, -0.252844, -5.09371
4.5175, -0.265578, -4.93568
4.52, -0.277918, -4.7697
4.5225, -0.289842, -4.596
4.525, -0.301332, -4.41485
4.5275, -0.312369, -4.22651
4.53, -0.322935, -4.03128
4.5325, -0.333013, -3.82945
4.535, -0.342587, -3.62131
4.5375, -0.35164, -3.4072
4.54, -0.360158, -3.18742
4.5425, -0.368127, -2.96232
4.545, -0.375533, -2.73224
4.5475, -0.382363, -2.49754
4.55, -0.388607, -2.25856
4.5525, -0.394253, -2.01568
4.555, -0.399293, -1.76927
4.5575, -0.403716, -1.51971
4.56, -0.407515, -1.26739
4.5625, -0.410684, -1.01269
4.565, -0.413215, -0.756017
4.5675, -0.415105, -0.497758
4.57, -0.41635, -0.238317
4.5725, -0.416946, 0.021902
4.575, -0.416891, 0.282493
4.5775, -0.416185, 0.54305
4.58, -0.414827, 0.803165
4.5825, -0.412819, 1.06243
4.585, -0.410163, 1.32044
4.5875, -0.406862, 1.5768
4.59, -0.40292, 1.83108
4.5925, -0.398342, 2.08291
4.595, -0.393135, 2.33187
4.5975, -0.387305, 2.57758
4.6, -0.380861, 2.81965
4.6025, -0.373812, 3.05769
4.605, -0.366168, 3.29132
4.6075, -0.35794, 3.52017
4.61, -0.349139, 3.74389
4.6125, -0.339779, 3.9621
4.615, -0.329874, 4.17446
4.6175, -0.319438, 4.38063
4.62, -0.308487, 4.58028
4.6225, -0.297036, 4.77308
4.625, -0.285103, 4.95873
4.6275, -0.272706, 5.13692
4.63, -0.259864, 5.30736
4.6325, -0.246596, 5.46978
4.635, -0.232921, 5.6239
4.6375, -0.218861, 5.76948
4.64, -0.204438, 5.90626
4.6425, -0.189672, 6.03404
4.645, -0.174587, 6.15258
4.6475, -0.159205, 6.2617
4.65, -0.143551, 6.3612
4.6525, -0.127648, 6.45092
4.655, -0.111521, 6.5307
4.6575, -0.0951941, 6.6004
4.66, -0.0786931, 6.6599
4.6625, -0.0620434, 6.70908
4.665, -0.0452707, 6.74786
4.6675, -0.028401, 6.77615
4.67, -0.0114606, 6.7939
4.6725, 0.00552413, 6.80107
4.675, 0.0225268, 6.79761
4.6775, 0.0395208, 6.78354
4.68, 0.0564797, 6.75884
4.6825, 0.0733768, 6.72354
4.685, 0.0901856, 6.67767
4.6875, 0.10688, 6.62131
4.69, 0.123433, 6.55451
4.6925, 0.139819, 6.47736
4.695, 0.156013, 6.38998
4.6975, 0.171988, 6.29247
4.7, 0.187719, 6.18498
4.7025, 0.203181, 6.06765
4.705, 0.21835, 5.94066
4.7075, 0.233202, 5.80419
4.71, 0.247713, 5.65844
4.7125, 0.261859, 5.50362
4.715, 0.275618, 5.33996
4.7175, 0.288968, 5.1677
4.72, 0.301887, 4.9871
4.7225, 0.314355, 4.79842
4.725, 0.326351, 4.60194
4.7275, 0.337856, 4.39798
4.73, 0.34885, 4.18682
4.7325, 0.359318, 3.96878
4.735, 0.369239, 3.74421
4.7375, 0.3786, 3.51344
4.74, 0.387384, 3.27681
4.7425, 0.395576, 3.0347
4.745, 0.403162, 2.78746
4.7475, 0.410131, 2.53548
4.75, 0.41647, 2.27915
4.7525, 0.422168, 2.01886
4.755, 0.427215, 1.755
4.7575, 0.431602, 1.488
4.76, 0.435322, 1.21824
4.7625, 0.438368, 0.946168
4.765, 0.440733, 0.672188
4.7675, 0.442414, 0.396729
4.77, 0.443406, 0.120221
4.7725, 0.443706, -0.156908
4.775, 0.443314, -0.434224
4.7775, 0.442228, -0.711295
4.78, 0.44045, -0.987688
4.7825, 0.437981, -1.26297
4.785, 0.434823, -1.53671
4.7875, 0.430982, -1.80847
4.79, 0.42646, -2.07784
4.7925, 0.421266, -2.34437
4.795, 0.415405, -2.60766
4.7975, 0.408886, -2.86729
4.8, 0.401718, -3.12285
4.8025, 0.39391, -3.37392
4.805, 0.385476, -3.62011
4.8075, 0.376425, -3.86104
4.81, 0.366773, -4.0963
4.8125, 0.356532, -4.32553
4.815, 0.345718, -4.54837
4.8175, 0.334347, -4.76444
4.82, 0.322436, -4.97341
4.8225, 0.310003, -5.17493
4.825, 0.297065, -5.36868
4.8275, 0.283644, -5.55435
4.83, 0.269758, -5.73163
4.8325, 0.255429, -5.90022
4.835, 0.240678, -6.05987
4.8375, 0.225528, -6.21029
4.84, 0.210003, -6.35125
4.8425, 0.194125, -6.4825
4.845, 0.177918, -6.60383
4.8475, 0.161409, -6.71502
4.85, 0.144621, -6.8159
4.8525, 0.127581, -6.90629
4.855, 0.110316, -6.98603
4.8575, 0.0928507, -7.05498
4.86, 0.0752132, -7.11301
4.8625, 0.0574307, -7.16002
4.865, 0.0395306, -7.19591
4.8675, 0.0215409, -7.22062
4.87, 0.00348931, -7.23408
4.8725, -0.0145959, -7.23626
4.875, -0.0326866, -7.22714
4.8775, -0.0507544, -7.20671
4.88, -0.0687712, -7.17499
4.8825, -0.0867087, -7.13201
4.885, -0.104539, -7.07782
4.8875, -0.122233, -7.01248
4.89, -0.139764, -6.93608
4.8925, -0.157105, -6.84873
4.895, -0.174226, -6.75054
4.8975, -0.191103, -6.64165
4.9, -0.207707, -6.52221
4.9025, -0.224012, -6.39239
4.905, -0.239993, -6.25238
4.9075, -0.255624, -6.10239
4.91, -0.27088, -5.94262
4.9125, -0.285737, -5.77332
4.915, -0.30017, -5.59474
4.9175, -0.314157, -5.40713
4.92, -0.327675, -5.21078
4.9225, -0.340702, -5.00599
4.925, -0.353217, -4.79305
4.9275, -0.365199, -4.57229
4.93, -0.37663, -4.34404
4.9325, -0.38749, -4.10864
4.935, -0.397762, -3.86646
4.9375, -0.407428, -3.61786
4.94, -0.416473, -3.36322
4.9425, -0.424881, -3.10292
4.945, -0.432638, -2.83737
4.9475, -0.439731, -2.56697
4.95, -0.446149, -2.29214
4.9525, -0.451879, -2.0133
4.955, -0.456912, -1.73087
4.9575, -0.46124, -1.4453
4.96, -0.464853, -1.15703
4.9625, -0.467746, -0.866496
4.965, -0.469912, -0.574155
4.9675, -0.471347, -0.28046
4.97, -0.472048, 0.0141319
4.9725, -0.472013, 0.309162
4.975, -0.47124, 0.60417
4.9775, -0.46973, 0.898695
4.98, -0.467483, 1.19228
4.9825, -0.464502, 1.48445
4.985, -0.460791, 1.77477
4.9875, -0.456354, 2.06276
4.99, -0.451197, 2.34798
4.9925, -0.445327, 2.62998
4.995, -0.438752, 2.90831
4.9975, -0.431482, 3.18253
5, -0.423525, 3.45221
