0, 0.1, 0
0.0025, 0.099884, -0.0463977
0.005, 0.0996522, -0.0927347
0.0075, 0.0993048, -0.138957
0.01, 0.0988422, -0.185012
0.0125, 0.0982651, -0.230845
0.015, 0.0975741, -0.276403
0.0175, 0.09677, -0.321635
0.02, 0.0958538, -0.366486
0.0225, 0.0948266, -0.410905
0.025, 0.0936895, -0.454842
0.0275, 0.0924438, -0.498244
0.03, 0.0910912, -0.541062
0.0325, 0.0896331, -0.583246
0.035, 0.0880712, -0.624747
0.0375, 0.0864074, -0.665517
0.04, 0.0846436, -0.705509
0.0425, 0.0827819, -0.744677
0.045, 0.0808245, -0.782976
0.0475, 0.0787736, -0.82036
0.05, 0.0766316, -0.856788
0.0525, 0.0744011, -0.892216
0.055, 0.0720846, -0.926604
0.0575, 0.0696848, -0.959912
0.06, 0.0672046, -0.992101
0.0625, 0.0646467, -1.02314
0.065, 0.0620143, -1.05298
0.0675, 0.0593103, -1.0816
0.07, 0.0565379, -1.10895
0.0725, 0.0537004, -1.13502
0.075, 0.0508009, -1.15977
0.0775, 0.047843, -1.18317
0.08, 0.04483, -1.20519
0.0825, 0.0417655, -1.22581
0.085, 0.038653, -1.24501
0.0875, 0.0354961, -1.26276
0.09, 0.0322985, -1.27904
0.0925, 0.0290639, -1.29383
0.095, 0.0257961, -1.30713
0.0975, 0.0224989, -1.3189
0.1, 0.019176, -1.32914
0.1025, 0.0158314, -1.33784
0.105, 0.0124689, -1.34499
0.1075, 0.00909249, -1.35058
0.11, 0.005706, -1.35459
0.1125, 0.0023134, -1.35704
0.115, -0.00108138, -1.35791
0.1175, -0.00447441, -1.35721
0.12, -0.00786173, -1.35493
0.1225, -0.0112394, -1.35108
0.125, -0.0146036, -1.34567
0.1275, -0.0179503, -1.33869
0.13, -0.0212758, -1.33016
0.1325, -0.024576, -1.3201
0.135, -0.0278472, -1.3085
0.1375, -0.0310857, -1.29538
0.14, -0.0342876, -1.28077
0.1425, -0.0374493, -1.26467
0.145, -0.040567, -1.2471
0.1475, -0.0436373, -1.2281
0.15, -0.0466565, -1.20767
0.1525, -0.0496211, -1.18584
0.155, -0.0525277, -1.16264
0.1575, -0.0553729, -1.1381
0.16, -0.0581535, -1.11224
0.1625, -0.0608662, -1.08509
0.165, -0.0635079, -1.05669
0.1675, -0.0660756, -1.02707
0.17, -0.0685662, -0.996255
0.1725, -0.070977, -0.964294
0.175, -0.073305, -0.931219
0.1775, -0.0755477, -0.897069
0.18, -0.0777024, -0.861884
0.1825, -0.0797667, -0.825704
0.185, -0.0817381, -0.788571
0.1875, -0.0836144, -0.750529
0.19, -0.0853935, -0.711623
0.1925, -0.0870732, -0.671896
0.195, -0.0886517, -0.631397
0.1975, -0.0901271, -0.590171
0.2, -0.0914978, -0.548266
0.2025, -0.0927621, -0.505732
0.205, -0.0939187, -0.462617
0.2075, -0.0949661, -0.418972
0.21, -0.0959032, -0.374848
0.2125, -0.096729, -0.330295
0.215, -0.0974424, -0.285366
0.2175, -0.0980427, -0.240113
0.22, -0.0985291, -0.194588
0.2225, -0.0989012, -0.148844
0.225, -0.0991586, -0.102934
0.2275, -0.0993009, -0.0569109
0.23, -0.0993279, -0.0108291
0.2325, -0.0992398, 0.0352584
0.235, -0.0990365, 0.0812981
0.2375, -0.0987184, 0.127237
0.24, -0.0982859, 0.173021
0.2425, -0.0977394, 0.218598
0.245, -0.0970796, 0.263914
0.2475, -0.0963073, 0.308918
0.25, -0.0954234, 0.353556
0.2525, -0.094429, 0.397778
0.255, -0.0933252, 0.441532
0.2575, -0.0921132, 0.484767
0.26, -0.0907947, 0.527433
0.2625, -0.0893709, 0.569482
0.265, -0.0878438, 0.610863
0.2675, -0.086215, 0.65153
0.27, -0.0844864, 0.691435
0.2725, -0.08266, 0.730532
0.275, -0.0807381, 0.768776
0.2775, -0.0787228, 0.806123
0.28, -0.0766165, 0.842529
0.2825, -0.0744216, 0.877952
0.285, -0.0721407, 0.912351
0.2875, -0.0697765, 0.945688
0.29, -0.0673317, 0.977922
0.2925, -0.0648092, 1.00902
0.295, -0.0622118, 1.03894
0.2975, -0.0595427, 1.06765
0.3, -0.0568049, 1.09512
0.3025, -0.0540016, 1.12131
0.305, -0.0511361, 1.1462
0.3075, -0.0482117, 1.16975
0.31, -0.0452319, 1.19195
0.3125, -0.0422, 1.21276
0.315, -0.0391196, 1.23216
0.3175, -0.0359943, 1.25013
0.32, -0.0328277, 1.26664
0.3225, -0.0296234, 1.28168
0.325, -0.0263853, 1.29524
0.3275, -0.0231171, 1.30729
0.33, -0.0198226, 1.31782
0.3325, -0.0165055, 1.32682
0.335, -0.0131698, 1.33428
0.3375, -0.00981932, 1.3402
0.34, -0.00645794, 1.34455
0.3425, -0.00308956, 1.34735
0.345, 0.000281896, 1.34858
0.3475, 0.00365253, 1.34825
0.35, 0.00701842, 1.34636
0.3525, 0.0103757, 1.3429
0.355, 0.0137204, 1.33789
0.3575, 0.0170487, 1.33132
0.36, 0.0203567, 1.32321
0.3625, 0.0236407, 1.31357
0.365, 0.0268967, 1.30241
0.3675, 0.030121, 1.28974
0.37, 0.03331, 1.27557
0.3725, 0.0364598, 1.25993
0.375, 0.0395668, 1.24282
0.3775, 0.0426275, 1.22428
0.38, 0.0456383, 1.20432
0.3825, 0.0485957, 1.18297
0.385, 0.0514963, 1.16024
0.3875, 0.0543368, 1.13618
0.39, 0.0571138, 1.1108
0.3925, 0.0598241, 1.08413
0.395, 0.0624646, 1.05621
0.3975, 0.0650323, 1.02708
0.4, 0.0675242, 0.99675
0.4025, 0.0699374, 0.965272
0.405, 0.0722691, 0.932679
0.4075, 0.0745166, 0.89901
0.41, 0.0766774, 0.864302
0.4125, 0.0787489, 0.828597
0.415, 0.0807287, 0.791937
0.4175, 0.0826146, 0.754363
0.42, 0.0844044, 0.715919
0.4225, 0.086096, 0.676651
0.425, 0.0876875, 0.636604
0.4275, 0.0891771, 0.595825
0.43, 0.090563, 0.55436
0.4325, 0.0918437, 0.512259
0.435, 0.0930176, 0.469569
0.4375, 0.0940834, 0.426342
0.44, 0.09504, 0.382626
0.4425, 0.0958862, 0.338473
0.445, 0.096621, 0.293933
0.4475, 0.0972437, 0.24906
0.45, 0.0977534, 0.203904
0.4525, 0.0981497, 0.158518
0.455, 0.0984321, 0.112955
0.4575, 0.0986003, 0.0672684
0.46, 0.0986541, 0.0215102
0.4625, 0.0985934, -0.0242662
0.465, 0.0984184, -0.0700077
0.4675, 0.0981292, -0.115661
0.47, 0.0977263, -0.161174
0.4725, 0.09721, -0.206493
0.475, 0.0965811, -0.251565
0.4775, 0.0958403, -0.296339
0.48, 0.0949884, -0.340763
0.4825, 0.0940264, -0.384785
0.485, 0.0929555, -0.428354
0.4875, 0.091777, -0.471419
0.49, 0.0904922, -0.513932
0.4925, 0.0891025, -0.555842
0.495, 0.0876098, -0.597101
0.4975, 0.0860156, -0.637661
0.5, 0.084322, -0.677476
0.5025, 0.0825307, -0.716499
0.505, 0.080644, -0.754685
0.5075, 0.078664, -0.79199
0.51, 0.0765931, -0.82837
0.5125, 0.0744336, -0.863785
0.515, 0.0721882, -0.898192
0.5175, 0.0698593, -0.931552
0.52, 0.0674497, -0.963827
0.5225, 0.0649623, -0.994979
0.525, 0.0623998, -1.02497
0.5275, 0.0597654, -1.05377
0.53, 0.057062, -1.08135
0.5325, 0.0542929, -1.10766
0.535, 0.0514612, -1.13269
0.5375, 0.0485702, -1.1564
0.54, 0.0456233, -1.17876
0.5425, 0.0426239, -1.19975
0.545, 0.0395755, -1.21935
0.5475, 0.0364817, -1.23753
0.55, 0.033346, -1.25427
0.5525, 0.0301721, -1.26956
0.555, 0.0269637, -1.28337
0.5575, 0.0237244, -1.29569
0.56, 0.0204582, -1.30651
0.5625, 0.0171687, -1.3158
0.565, 0.0138597, -1.32357
0.5675, 0.0105352, -1.32981
0.57, 0.00719896, -1.3345
0.5725, 0.00385485, -1.33764
0.575, 0.000506774, -1.33923
0.5775, -0.0028414, -1.33927
0.58, -0.00618577, -1.33775
0.5825, -0.00952248, -1.33468
0.585, -0.0128476, -1.33007
0.5875, -0.0161574, -1.32391
0.59, -0.0194479, -1.31621
0.5925, -0.0227154, -1.307
0.595, -0.0259561, -1.29626
0.5975, -0.0291662, -1.28403
0.6, -0.0323419, -1.2703
0.6025, -0.0354797, -1.25511
0.605, -0.0385758, -1.23846
0.6075, -0.0416268, -1.22038
0.61, -0.044629, -1.20088
0.6125, -0.047579, -1.18
0.615, -0.0504733, -1.15775
0.6175, -0.0533087, -1.13416
0.62, -0.0560819, -1.10925
0.6225, -0.0587896, -1.08307
0.625, -0.0614286, -1.05563
0.6275, -0.0639961, -1.02697
0.63, -0.0664889, -0.997128
0.6325, -0.0689042, -0.96613
0.635, -0.0712392, -0.934017
0.6375, -0.0734913, -0.900825
0.64, -0.0756578, -0.866593
0.6425, -0.0777362, -0.831361
0.645, -0.0797241, -0.79517
0.6475, -0.0816193, -0.758061
0.65, -0.0834195, -0.720079
0.6525, -0.0851226, -0.681268
0.655, -0.0867268, -0.641671
0.6575, -0.0882302, -0.601337
0.66, -0.0896309, -0.560311
0.6625, -0.0909275, -0.518641
0.665, -0.0921185, -0.476376
0.6675, -0.0932024, -0.433564
0.67, -0.094178, -0.390256
0.6725, -0.0950443, -0.346502
0.675, -0.0958002, -0.302352
0.6775, -0.0964448, -0.257858
0.68, -0.0969775, -0.213071
0.6825, -0.0973976, -0.168044
0.685, -0.0977047, -0.122829
0.6875, -0.0978984, -0.077478
0.69, -0.0979785, -0.0320439
0.6925, -0.0979449, 0.0134206
0.695, -0.0977978, 0.0588628
0.6975, -0.0975372, 0.10423
0.7, -0.0971635, 0.14947
0.7025, -0.0966772, 0.194529
0.705, -0.0960788, 0.239356
0.7075, -0.0953691, 0.283899
0.71, -0.0945488, 0.328106
0.7125, -0.093619, 0.371926
0.715, -0.0925807, 0.415308
0.7175, -0.0914352, 0.458201
0.72, -0.0901838, 0.500557
0.7225, -0.088828, 0.542326
0.725, -0.0873693, 0.58346
0.7275, -0.0858096, 0.62391
0.73, -0.0841505, 0.663631
0.7325, -0.0823941, 0.702577
0.735, -0.0805423, 0.740701
0.7375, -0.0785974, 0.777961
0.74, -0.0765616, 0.814313
0.7425, -0.0744373, 0.849715
0.745, -0.072227, 0.884126
0.7475, -0.0699332, 0.917507
0.75, -0.0675587, 0.949818
0.7525, -0.0651061, 0.981022
0.755, -0.0625784, 1.01108
0.7575, -0.0599785, 1.03997
0.76, -0.0573094, 1.06764
0.7625, -0.0545742, 1.09408
0.765, -0.0517761, 1.11923
0.7675, -0.0489184, 1.14309
0.77, -0.0460044, 1.16562
0.7725, -0.0430374, 1.18679
0.775, -0.0400209, 1.20658
0.7775, -0.0369585, 1.22497
0.78, -0.0338536, 1.24194
0.7825, -0.03071, 1.25746
0.785, -0.0275312, 1.27152
0.7875, -0.0243209, 1.28411
0.79, -0.0210829, 1.2952
0.7925, -0.0178209, 1.30479
0.795, -0.0145388, 1.31287
0.7975, -0.0112402, 1.31942
0.8, -0.00792913, 1.32444
0.8025, -0.00460934, 1.32792
0.805, -0.00128469, 1.32986
0.8075, 0.00204096, 1.33026
0.81, 0.00536374, 1.32911
0.8125, 0.00867981, 1.32643
0.815, 0.0119853, 1.3222
0.8175, 0.0152764, 1.31645
0.82, 0.0185493, 1.30916
0.8225, 0.0218003, 1.30036
0.825, 0.0250254, 1.29005
0.8275, 0.028221, 1.27825
0.83, 0.0313834, 1.26497
0.8325, 0.034509, 1.25022
0.835, 0.037594, 1.23402
0.8375, 0.040635, 1.2164
0.84, 0.0436284, 1.19736
0.8425, 0.0465708, 1.17694
0.845, 0.0494587, 1.15516
0.8475, 0.0522888, 1.13204
0.85, 0.0550578, 1.10761
0.8525, 0.0577626, 1.0819
0.855, 0.0603999, 1.05494
0.8575, 0.0629668, 1.02676
0.86, 0.0654603, 0.997391
0.8625, 0.0678775, 0.966871
0.865, 0.0702156, 0.935234
0.8675, 0.0724718, 0.902517
0.87, 0.0746437, 0.868757
0.8725, 0.0767287, 0.833995
0.875, 0.0787244, 0.798271
0.8775, 0.0806285, 0.761626
0.88, 0.0824387, 0.724103
0.8825, 0.0841531, 0.685746
0.885, 0.0857696, 0.646599
0.8875, 0.0872864, 0.606708
0.89, 0.0887017, 0.566119
0.8925, 0.0900139, 0.52488
0.895, 0.0912215, 0.483037
0.8975, 0.0923231, 0.440641
0.9, 0.0933174, 0.39774
0.9025, 0.0942034, 0.354383
0.905, 0.0949799, 0.310623
0.9075, 0.0956462, 0.266508
0.91, 0.0962014, 0.222091
0.9125, 0.096645, 0.177423
0.915, 0.0969764, 0.132555
0.9175, 0.0971952, 0.0875406
0.92, 0.0973013, 0.0424312
0.9225, 0.0972945, -0.00272064
0.925, 0.0971748, -0.0478627
0.9275, 0.0969425, -0.0929425
0.93, 0.0965977, -0.137908
0.9325, 0.0961409, -0.182706
0.935, 0.0955727, -0.227287
0.9375, 0.0948937, -0.271596
0.94, 0.0941048, -0.315585
0.9425, 0.0932068, -0.3592
0.945, 0.0922008, -0.402393
0.9475, 0.091088, -0.445112
0.95, 0.0898697, -0.487309
0.9525, 0.0885474, -0.528934
0.955, 0.0871226, -0.569939
0.9575, 0.0855969, -0.610277
0.96, 0.0839721, -0.649902
0.9625, 0.0822502, -0.688767
0.965, 0.0804331, -0.726826
0.9675, 0.078523, -0.764038
0.97, 0.0765221, -0.800357
0.9725, 0.0744328, -0.835743
0.975, 0.0722574, -0.870154
0.9775, 0.0699985, -0.90355
0.98, 0.0676588, -0.935894
0.9825, 0.0652409, -0.967147
0.985, 0.0627477, -0.997274
0.9875, 0.0601821, -1.02624
0.99, 0.0575471, -1.05401
0.9925, 0.0548457, -1.08055
0.995, 0.0520811, -1.10584
0.9975, 0.0492565, -1.12984
1, 0.0463752, -1.15253
1.0025, 0.0434405, -1.17387
1.005, 0.0404559, -1.19385
1.0075, 0.0374248, -1.21245
1.01, 0.0343507, -1.22963
1.0125, 0.0312372, -1.24539
1.015, 0.028088, -1.2597
1.0175, 0.0249066, -1.27254
1.02, 0.0216969, -1.28391
1.0225, 0.0184624, -1.29378
1.025, 0.015207, -1.30216
1.0275, 0.0119344, -1.30902
1.03, 0.00864853, -1.31436
1.0325, 0.00535308, -1.31818
1.035, 0.00205191, -1.32047
1.0375, -0.00125116, -1.32123
1.04, -0.00455228, -1.32045
1.0425, -0.00784763, -1.31814
1.045, -0.0111334, -1.3143
1.0475, -0.0144057, -1.30894
1.05, -0.0176609, -1.30206
1.0525, -0.0208951, -1.29368
1.055, -0.0241046, -1.28379
1.0575, -0.0272856, -1.27242
1.06, -0.0304345, -1.25957
1.0625, -0.0335477, -1.24526
1.065, -0.0366214, -1.22951
1.0675, -0.0396523, -1.21233
1.07, -0.0426367, -1.19376
1.0725, -0.0455712, -1.1738
1.075, -0.0484524, -1.15248
1.0775, -0.0512769, -1.12983
1.08, -0.0540416, -1.10587
1.0825, -0.0567432, -1.08063
1.085, -0.0593785, -1.05414
1.0875, -0.0619446, -1.02643
1.09, -0.0644385, -0.997541
1.0925, -0.0668572, -0.967495
1.095, -0.069198, -0.936331
1.0975, -0.0714582, -0.904086
1.1, -0.0736352, -0.870797
1.1025, -0.0757265, -0.836502
1.105, -0.0777296, -0.801243
1.1075, -0.0796422, -0.765059
1.11, -0.0814622, -0.727993
1.1125, -0.0831875, -0.690089
1.115, -0.0848159, -0.651389
1.1175, -0.0863458, -0.61194
1.12, -0.0877752, -0.571786
1.1225, -0.0891027, -0.530976
1.125, -0.0903266, -0.489555
1.1275, -0.0914455, -0.447573
1.13, -0.0924582, -0.405078
1.1325, -0.0933635, -0.362119
1.135, -0.0941604, -0.318747
1.1375, -0.0948479, -0.275012
1.14, -0.0954253, -0.230964
1.1425, -0.0958919, -0.186654
1.145, -0.0962473, -0.142135
1.1475, -0.0964909, -0.097457
1.15, -0.0966226, -0.052673
1.1525, -0.0966422, -0.00783445
1.155, -0.0965497, 0.0370065
1.1575, -0.0963452, 0.0817978
1.16, -0.096029, 0.126488
1.1625, -0.0956014, 0.171024
1.165, -0.095063, 0.215356
1.1675, -0.0944144, 0.259431
1.17, -0.0936564, 0.303198
1.1725, -0.0927899, 0.346608
1.175, -0.0918159, 0.389609
1.1775, -0.0907355, 0.432151
1.18, -0.08955, 0.474186
1.1825, -0.0882609, 0.515665
1.185, -0.0868695, 0.55654
1.1875, -0.0853776, 0.596762
1.19, -0.0837869, 0.636287
1.1925, -0.0820992, 0.675068
1.195, -0.0803166, 0.71306
1.1975, -0.078441, 0.750219
1.2, -0.0764748, 0.786503
1.2025, -0.0744201, 0.821868
1.205, -0.0722794, 0.856276
1.2075, -0.0700552, 0.889684
1.21, -0.0677501, 0.922056
1.2125, -0.0653667, 0.953354
1.215, -0.0629078, 0.983541
1.2175, -0.0603764, 1.01258
1.22, -0.0577753, 1.04045
1.2225, -0.0551075, 1.0671
1.225, -0.0523763, 1.09251
1.2275, -0.0495846, 1.11665
1.23, -0.0467359, 1.13949
1.2325, -0.0438334, 1.161
1.235, -0.0408805, 1.18117
1.2375, -0.0378806, 1.19996
1.24, -0.0348372, 1.21736
1.2425, -0.0317538, 1.23334
1.245, -0.0286341, 1.24789
1.2475, -0.0254816, 1.26099
1.25, -0.0223001, 1.27263
1.2525, -0.0190931, 1.28278
1.255, -0.0158645, 1.29145
1.2575, -0.0126179, 1.29862
1.26, -0.00935722, 1.30428
1.2625, -0.00608614, 1.30843
1.265, -0.00280849, 1.31106
1.2675, 0.000471933, 1.31217
1.27, 0.00375132, 1.31176
1.2725, 0.00702587, 1.30982
1.275, 0.0102918, 1.30637
1.2775, 0.0135453, 1.3014
1.28, 0.0167826, 1.29492
1.2825, 0.0199999, 1.28694
1.285, 0.0231936, 1.27747
1.2875, 0.0263599, 1.26652
1.29, 0.0294951, 1.2541
1.2925, 0.0325957, 1.24023
1.295, 0.035658, 1.22492
1.2975, 0.0386785, 1.20819
1.3, 0.0416537, 1.19007
1.3025, 0.0445801, 1.17057
1.305, 0.0474544, 1.14971
1.3075, 0.0502732, 1.12752
1.31, 0.0530332, 1.10403
1.3125, 0.0557314, 1.07926
1.315, 0.0583645, 1.05324
1.3175, 0.0609295, 1.026
1.32, 0.0634234, 0.99758
1.3225, 0.0658434, 0.968005
1.325, 0.0681867, 0.937311
1.3275, 0.0704505, 0.905535
1.33, 0.0726323, 0.872713
1.3325, 0.0747295, 0.838884
1.335, 0.0767397, 0.804086
1.3375, 0.0786607, 0.768361
1.34, 0.08049, 0.731751
1.3425, 0.0822258, 0.694296
1.345, 0.0838659, 0.656042
1.3475, 0.0854085, 0.617033
1.35, 0.0868517, 0.577314
1.3525, 0.0881941, 0.536931
1.355, 0.0894339, 0.495931
1.3575, 0.0905698, 0.454362
1.36, 0.0916005, 0.412273
1.3625, 0.0925248, 0.369711
1.365, 0.0933416, 0.326726
1.3675, 0.09405, 0.28337
1.37, 0.0946492, 0.23969
1.3725, 0.0951386, 0.19574
1.375, 0.0955175, 0.151569
1.3775, 0.0957856, 0.107228
1.38, 0.0959425, 0.0627699
1.3825, 0.0959881, 0.0182455
1.385, 0.0959224, -0.0262935
1.3875, 0.0957454, -0.0707954
1.39, 0.0954574, -0.115209
1.3925, 0.0950587, -0.159482
1.395, 0.0945498, -0.203563
1.3975, 0.0939312, -0.247402
1.4, 0.0932039, -0.290947
1.4025, 0.0923685, -0.334148
1.405, 0.0914261, -0.376955
1.4075, 0.0903778, -0.419319
1.41, 0.0892249, -0.46119
1.4125, 0.0879686, -0.50252
1.415, 0.0866104, -0.543261
1.4175, 0.085152, -0.583365
1.42, 0.083595, -0.622787
1.4225, 0.0819413, -0.661481
1.425, 0.0801928, -0.699402
1.4275, 0.0783515, -0.736505
1.43, 0.0764197, -0.772749
1.4325, 0.0743994, -0.808092
1.435, 0.0722932, -0.842491
1.4375, 0.0701034, -0.875909
1.44, 0.0678327, -0.908305
1.4425, 0.0654836, -0.939643
1.445, 0.0630589, -0.969886
1.4475, 0.0605614, -0.999
1.45, 0.057994, -1.02695
1.4525, 0.0553597, -1.05371
1.455, 0.0526616, -1.07924
1.4575, 0.0499029, -1.10351
1.46, 0.0470866, -1.1265
1.4625, 0.0442162, -1.14818
1.465, 0.0412948, -1.16852
1.4675, 0.0383261, -1.18751
1.47, 0.0353133, -1.20512
1.4725, 0.03226, -1.22132
1.475, 0.0291697, -1.23611
1.4775, 0.0260461, -1.24946
1.48, 0.0228927, -1.26136
1.4825, 0.0197132, -1.27179
1.485, 0.0165113, -1.28075
1.4875, 0.0132908, -1.28822
1.49, 0.0100553, -1.2942
1.4925, 0.00680859, -1.29867
1.495, 0.0035545, -1.30164
1.4975, 0.00029677, -1.30309
1.5, -0.00296082, -1.30304
1.5025, -0.00621449, -1.30147
1.505, -0.00946047, -1.29839
1.5075, -0.012695, -1.29381
1.51, -0.0159143, -1.28773
1.5125, -0.0191147, -1.28015
1.515, -0.0222924, -1.27109
1.5175, -0.0254438, -1.26056
1.52, -0.0285653, -1.24857
1.5225, -0.0316531, -1.23513
1.525, -0.0347037, -1.22026
1.5275, -0.0377137, -1.20398
1.53, -0.0406794, -1.1863
1.5325, -0.0435976, -1.16725
1.535, -0.0464647, -1.14685
1.5375, -0.0492775, -1.12512
1.54, -0.0520327, -1.10209
1.5425, -0.0547272, -1.07778
1.545, -0.0573577, -1.05223
1.5475, -0.0599214, -1.02546
1.55, -0.0624152, -0.997508
1.5525, -0.0648362, -0.968401
1.555, -0.0671816, -0.938174
1.5575, -0.0694488, -0.906864
1.56, -0.071635, -0.874507
1.5625, -0.0737379, -0.84114
1.565, -0.0757549, -0.806803
1.5675, -0.0776837, -0.771534
1.57, -0.0795222, -0.735376
1.5725, -0.0812681, -0.698371
1.575, -0.0829195, -0.66056
1.5775, -0.0844745, -0.62199
1.58, -0.0859312, -0.582703
1.5825, -0.0872881, -0.542746
1.585, -0.0885435, -0.502166
1.5875, -0.089696, -0.461009
1.59, -0.0907443, -0.419324
1.5925, -0.0916872, -0.377158
1.595, -0.0925236, -0.334562
1.5975, -0.0932526, -0.291583
1.6, -0.0938733, -0.248273
1.6025, -0.094385, -0.204681
1.605, -0.0947871, -0.160858
1.6075, -0.0950793, -0.116855
1.61, -0.0952611, -0.072723
1.6125, -0.0953324, -0.0285132
1.615, -0.095293, 0.015723
1.6175, -0.0951432, 0.0599345
1.62, -0.094883, 0.10407
1.6225, -0.0945128, 0.148078
1.625, -0.0940331, 0.191908
1.6275, -0.0934443, 0.235509
1.63, -0.0927472, 0.27883
1.6325, -0.0919427, 0.321821
1.635, -0.0910316, 0.364432
1.6375, -0.0900151, 0.406615
1.64, -0.0888943, 0.448319
1.6425, -0.0876705, 0.489498
1.645, -0.0863453, 0.530102
1.6475, -0.08492, 0.570086
1.65, -0.0833965, 0.609402
1.6525, -0.0817765, 0.648006
1.655, -0.0800619, 0.685852
1.6575, -0.0782547, 0.722897
1.66, -0.0763569, 0.759098
1.6625, -0.0743709, 0.794413
1.665, -0.0722989, 0.828802
1.6675, -0.0701433, 0.862224
1.67, -0.0679067, 0.89464
1.6725, -0.0655917, 0.926015
1.675, -0.0632009, 0.95631
1.6775, -0.0607372, 0.985492
1.68, -0.0582034, 1.01353
1.6825, -0.0556024, 1.04038
1.685, -0.0529373, 1.06602
1.6875, -0.0502113, 1.09043
1.69, -0.0474274, 1.11356
1.6925, -0.0445889, 1.1354
1.695, -0.041699, 1.15592
1.6975, -0.0387613, 1.1751
1.7, -0.035779, 1.19291
1.7025, -0.0327557, 1.20933
1.705, -0.0296948, 1.22435
1.7075, -0.0266, 1.23795
1.71, -0.0234747, 1.2501
1.7125, -0.0203227, 1.26081
1.715, -0.0171475, 1.27005
1.7175, -0.013953, 1.27782
1.72, -0.0107427, 1.2841
1.7225, -0.00752049, 1.2889
1.725, -0.00429, 1.2922
1.7275, -0.00105501, 1.29399
1.73, 0.00218072, 1.29429
1.7325, 0.00541344, 1.29309
1.735, 0.0086394, 1.29038
1.7375, 0.0118549, 1.28618
1.74, 0.0150561, 1.28049
1.7425, 0.0182394, 1.27332
1.745, 0.021401, 1.26467
1.7475, 0.0245374, 1.25455
1.75, 0.0276449, 1.24298
1.7525, 0.0307198, 1.22997
1.755, 0.0337586, 1.21553
1.7575, 0.0367578, 1.19969
1.76, 0.0397139, 1.18245
1.7625, 0.0426236, 1.16385
1.765, 0.0454833, 1.1439
1.7675, 0.0482899, 1.12263
1.77, 0.05104, 1.10006
1.7725, 0.0537306, 1.07621
1.775, 0.0563584, 1.05112
1.7775, 0.0589204, 1.02482
1.78, 0.0614137, 0.997328
1.7825, 0.0638354, 0.968685
1.785, 0.0661828, 0.938923
1.7875, 0.0684529, 0.908076
1.79, 0.0706434, 0.876181
1.7925, 0.0727516, 0.843274
1.795, 0.0747751, 0.809393
1.7975, 0.0767115, 0.774579
1.8, 0.0785587, 0.738872
1.8025, 0.0803145, 0.702313
1.805, 0.0819768, 0.664944
1.8075, 0.0835439, 0.62681
1.81, 0.0850137, 0.587955
1.8125, 0.0863848, 0.548423
1.815, 0.0876555, 0.508261
1.8175, 0.0888242, 0.467515
1.82, 0.0898898, 0.426234
1.8225, 0.090851, 0.384464
1.825, 0.0917066, 0.342254
1.8275, 0.0924558, 0.299653
1.83, 0.0930975, 0.256711
1.8325, 0.0936312, 0.213478
1.835, 0.0940562, 0.170003
1.8375, 0.0943721, 0.126338
1.84, 0.0945784, 0.082533
1.8425, 0.094675, 0.0386386
1.845, 0.0946618, -0.00529423
1.8475, 0.0945387, -0.0492144
1.85, 0.0943061, -0.0930709
1.8525, 0.093964, -0.136813
1.855, 0.0935131, -0.18039
1.8575, 0.0929537, -0.223751
1.86, 0.0922866, -0.266846
1.8625, 0.0915125, -0.309625
1.865, 0.0906324, -0.352039
1.8675, 0.0896473, -0.394038
1.87, 0.0885584, -0.435574
1.8725, 0.0873669, -0.476598
1.875, 0.0860742, -0.517064
1.8775, 0.0846819, -0.556924
1.88, 0.0831916, -0.596131
1.8825, 0.081605, -0.634642
1.885, 0.079924, -0.67241
1.8875, 0.0781505, -0.709394
1.89, 0.0762866, -0.745548
1.8925, 0.0743345, -0.780833
1.895, 0.0722965, -0.815206
1.8975, 0.0701749, -0.848629
1.9, 0.0679723, -0.881063
1.9025, 0.0656911, -0.91247
1.905, 0.0633341, -0.942813
1.9075, 0.0609039, -0.972059
1.91, 0.0584035, -1.00017
1.9125, 0.0558357, -1.02712
1.915, 0.0532035, -1.05288
1.9175, 0.05051, -1.0774
1.92, 0.0477583, -1.10068
1.9225, 0.0449516, -1.12268
1.925, 0.0420932, -1.14337
1.9275, 0.0391864, -1.16273
1.93, 0.0362345, -1.18073
1.9325, 0.0332411, -1.19737
1.935, 0.0302095, -1.21262
1.9375, 0.0271434, -1.22645
1.94, 0.0240463, -1.23887
1.9425, 0.0209217, -1.24984
1.945, 0.0177733, -1.25936
1.9475, 0.0146047, -1.26742
1.95, 0.0114197, -1.27401
1.9525, 0.0082219, -1.27912
1.955, 0.00501504, -1.28274
1.9575, 0.00180285, -1.28488
1.96, -0.00141096, -1.28552
1.9625, -0.00462266, -1.28468
1.965, -0.00782851, -1.28234
1.9675, -0.0110248, -1.27852
1.97, -0.0142078, -1.27321
1.9725, -0.0173739, -1.26643
1.975, -0.0205194, -1.25818
1.9775, -0.0236406, -1.24848
1.98, -0.0267339, -1.23732
1.9825, -0.0297957, -1.22474
1.985, -0.0328226, -1.21073
1.9875, -0.0358109, -1.19532
1.99, -0.0387572, -1.17853
1.9925, -0.0416581, -1.16037
1.995, -0.0445103, -1.14087
1.9975, -0.0473104, -1.12005
2, -0.0500552, -1.09793
2.0025, -0.0527416, -1.07454
2.005, -0.0553664, -1.04991
2.0075, -0.0579265, -1.02407
2.01, -0.0604191, -0.99704
2.0125, -0.0628413, -0.968859
2.015, -0.0651902, -0.939558
2.0175, -0.0674631, -0.909172
2.02, -0.0696574, -0.877735
2.0225, -0.0717707, -0.845286
2.025, -0.0738003, -0.81186
2.0275, -0.0757441, -0.777498
2.03, -0.0775997, -0.742239
2.0325, -0.079365, -0.706124
2.035, -0.081038, -0.669196
2.0375, -0.0826167, -0.631497
2.04, -0.0840994, -0.593071
2.0425, -0.0854843, -0.553963
2.045, -0.0867698, -0.514218
2.0475, -0.0879545, -0.473882
2.05, -0.089037, -0.433003
2.0525, -0.0900161, -0.391627
2.055, -0.0908906, -0.349804
2.0575, -0.0916596, -0.307581
2.06, -0.0923221, -0.265007
2.0625, -0.0928774, -0.222132
2.065, -0.0933249, -0.179006
2.0675, -0.0936641, -0.135679
2.07, -0.0938946, -0.0922009
2.0725, -0.0940162, -0.0486223
2.075, -0.0940287, -0.00499367
2.0775, -0.0939321, 0.0386342
2.08, -0.0937266, 0.0822108
2.0825, -0.0934123, 0.125686
2.085, -0.0929898, 0.169008
2.0875, -0.0924595, 0.212128
2.09, -0.091822, 0.254996
2.0925, -0.0910781, 0.297561
2.095, -0.0902287, 0.339775
2.0975, -0.0892747, 0.381589
2.1, -0.0882173, 0.422954
2.1025, -0.0870578, 0.463822
2.105, -0.0857974, 0.504146
2.1075, -0.0844377, 0.543879
2.11, -0.0829803, 0.582975
2.1125, -0.0814268, 0.62139
2.115, -0.0797791, 0.659078
2.1175, -0.0780391, 0.695995
2.12, -0.0762089, 0.7321
2.1225, -0.0742905, 0.767351
2.125, -0.0722862, 0.801706
2.1275, -0.0701984, 0.835126
2.13, -0.0680295, 0.867573
2.1325, -0.0657819, 0.899008
2.135, -0.0634585, 0.929396
2.1375, -0.0610617, 0.958701
2.14, -0.0585945, 0.98689
2.1425, -0.0560597, 1.01393
2.145, -0.0534602, 1.03979
2.1475, -0.0507991, 1.06444
2.15, -0.0480795, 1.08785
2.1525, -0.0453045, 1.11
2.155, -0.0424773, 1.13085
2.1575, -0.0396013, 1.15039
2.16, -0.0366798, 1.1686
2.1625, -0.0337162, 1.18544
2.165, -0.030714, 1.20091
2.1675, -0.0276765, 1.21498
2.17, -0.0246074, 1.22764
2.1725, -0.0215102, 1.23888
2.175, -0.0183885, 1.24867
2.1775, -0.015246, 1.25702
2.18, -0.0120862, 1.26391
2.1825, -0.00891289, 1.26933
2.185, -0.0057297, 1.27327
2.1875, -0.00254034, 1.27574
2.19, 0.000651492, 1.27673
2.1925, 0.0038421, 1.27624
2.195, 0.00702777, 1.27427
2.1975, 0.0102048, 1.27082
2.2, 0.0133696, 1.2659
2.2025, 0.0165183, 1.2595
2.205, 0.0196475, 1.25165
2.2075, 0.0227533, 1.24235
2.21, 0.0258324, 1.23161
2.2125, 0.028881, 1.21944
2.215, 0.0318956, 1.20586
2.2175, 0.0348728, 1.19088
2.22, 0.0378091, 1.17453
2.2225, 0.0407012, 1.15681
2.225, 0.0435455, 1.13775
2.2275, 0.046339, 1.11738
2.23, 0.0490783, 1.09571
2.2325, 0.0517602, 1.07278
2.235, 0.0543817, 1.0486
2.2375, 0.0569398, 1.02322
2.24, 0.0594314, 0.996647
2.2425, 0.0618537, 0.968924
2.245, 0.0642039, 0.940081
2.2475, 0.0664793, 0.910152
2.25, 0.0686772, 0.879172
2.2525, 0.0707952, 0.847177
2.255, 0.0728307, 0.814204
2.2575, 0.0747814, 0.780291
2.26, 0.0766451, 0.745479
2.2625, 0.0784196, 0.709806
2.265, 0.0801029, 0.673316
2.2675, 0.081693, 0.63605
2.27, 0.0831882, 0.598052
2.2725, 0.0845866, 0.559366
2.275, 0.0858867, 0.520037
2.2775, 0.0870869, 0.48011
2.28, 0.088186, 0.439632
2.2825, 0.0891827, 0.398651
2.285, 0.0900757, 0.357213
2.2875, 0.0908641, 0.315367
2.29, 0.091547, 0.273161
2.2925, 0.0921236, 0.230645
2.295, 0.0925933, 0.187867
2.2975, 0.0929555, 0.144878
2.3, 0.0932098, 0.101727
2.3025, 0.093356, 0.0584651
2.305, 0.0933938, 0.0151414
2.3075, 0.0933233, -0.0281934
2.31, 0.0931446, -0.0714891
2.3125, 0.0928579, -0.114695
2.315, 0.0924635, -0.157762
2.3175, 0.0919619, -0.20064
2.32, 0.0913537, -0.243278
2.3225, 0.0906396, -0.285628
2.325, 0.0898205, -0.327641
2.3275, 0.0888973, -0.369267
2.33, 0.0878712, -0.410458
2.3325, 0.0867433, -0.451167
2.335, 0.0855149, -0.491347
2.3375, 0.0841875, -0.530951
2.34, 0.0827627, -0.569934
2.3425, 0.0812421, -0.608249
2.345, 0.0796274, -0.645853
2.3475, 0.0779207, -0.682702
2.35, 0.0761238, -0.718755
2.3525, 0.0742389, -0.753968
2.355, 0.0722681, -0.788301
2.3575, 0.0702138, -0.821714
2.36, 0.0680784, -0.85417
2.3625, 0.0658643, -0.88563
2.365, 0.0635742, -0.916058
2.3675, 0.0612106, -0.945419
2.37, 0.0587764, -0.973679
2.3725, 0.0562744, -1.00081
2.375, 0.0537075, -1.02677
2.3775, 0.0510787, -1.05153
2.38, 0.048391, -1.07508
2.3825, 0.0456476, -1.09737
2.385, 0.0428516, -1.11839
2.3875, 0.0400063, -1.1381
2.39, 0.0371151, -1.1565
2.3925, 0.0341812, -1.17354
2.395, 0.0312082, -1.18923
2.3975, 0.0281993, -1.20353
2.4, 0.0251582, -1.21644
2.4025, 0.0220884, -1.22793
2.405, 0.0189934, -1.238
2.4075, 0.0158769, -1.24662
2.41, 0.0127424, -1.25381
2.4125, 0.00959352, -1.25953
2.415, 0.00643403, -1.2638
2.4175, 0.00326755, -1.26659
2.42, 9.77441e-05, -1.26792
2.4225, -0.0030717, -1.26778
2.425, -0.00623712, -1.26617
2.4275, -0.00939483, -1.26308
2.43, -0.0125412, -1.25854
2.4325, -0.0156725, -1.25253
2.435, -0.0187852, -1.24507
2.4375, -0.0218756, -1.23617
2.44, -0.0249402, -1.22584
2.4425, -0.0279754, -1.21409
2.445, -0.0309777, -1.20093
2.4475, -0.0339437, -1.18637
2.45, -0.0368698, -1.17045
2.4525, -0.0397527, -1.15317
2.455, -0.0425891, -1.13455
2.4575, -0.0453757, -1.11462
2.46, -0.0481092, -1.09341
2.4625, -0.0507865, -1.07092
2.465, -0.0534045, -1.0472
2.4675, -0.0559601, -1.02226
2.47, -0.0584505, -0.996149
2.4725, -0.0608727, -0.968881
2.475, -0.063224, -0.940494
2.4775, -0.0655015, -0.91102
2.48, -0.0677027, -0.880493
2.4825, -0.0698251, -0.84895
2.485, -0.0718662, -0.816427
2.4875, -0.0738236, -0.782961
2.49, -0.0756951, -0.748593
2.4925, -0.0774785, -0.713361
2.495, -0.0791717, -0.677307
2.4975, -0.0807729, -0.640472
2.5, -0.0822802, -0.6029
2.5025, -0.0836918, -0.564635
2.505, -0.0850061, -0.52572
2.5075, -0.0862216, -0.486201
2.51, -0.0873369, -0.446124
2.5125, -0.0883507, -0.405535
2.515, -0.0892619, -0.364482
2.5175, -0.0900694, -0.323013
2.52, -0.0907724, -0.281174
2.5225, -0.0913699, -0.239016
2.525, -0.0918614, -0.196587
2.5275, -0.0922462, -0.153937
2.53, -0.092524, -0.111114
2.5325, -0.0926944, -0.0681681
2.535, -0.0927573, -0.0251498
2.5375, -0.0927126, 0.0178912
2.54, -0.0925603, 0.060905
2.5425, -0.0923007, 0.103842
2.545, -0.0919341, 0.146652
2.5475, -0.0914609, 0.189285
2.55, -0.0908816, 0.231693
2.5525, -0.0901971, 0.273826
2.555, -0.089408, 0.315634
2.5575, -0.0885153, 0.357071
2.56, -0.0875201, 0.398087
2.5625, -0.0864235, 0.438635
2.565, -0.0852268, 0.478669
2.5675, -0.0839315, 0.518141
2.57, -0.082539, 0.557006
2.5725, -0.0810509, 0.59522
2.575, -0.0794691, 0.632737
2.5775, -0.0777953, 0.669515
2.58, -0.0760315, 0.705511
2.5825, -0.0741798, 0.740683
2.585, -0.0722423, 0.774991
2.5875, -0.0702213, 0.808394
2.59, -0.0681192, 0.840855
2.5925, -0.0659384, 0.872336
2.595, -0.0636814, 0.902801
2.5975, -0.0613508, 0.932213
2.6, -0.0589495, 0.96054
2.6025, -0.0564801, 0.987749
2.605, -0.0539456, 1.01381
2.6075, -0.0513489, 1.03869
2.61, -0.048693, 1.06236
2.6125, -0.045981, 1.08479
2.615, -0.0432161, 1.10597
2.6175, -0.0404014, 1.12585
2.62, -0.0375404, 1.14443
2.6225, -0.0346362, 1.16168
2.625, -0.0316922, 1.17758
2.6275, -0.028712, 1.19211
2.63, -0.0256988, 1.20525
2.6325, -0.0226564, 1.217
2.635, -0.019588, 1.22733
2.6375, -0.0164975, 1.23623
2.64, -0.0133882, 1.2437
2.6425, -0.0102639, 1.24973
2.645, -0.0071281, 1.25431
2.6475, -0.00398453, 1.25743
2.65, -0.000836804, 1.25909
2.6525, 0.00231143, 1.25929
2.655, 0.00545651, 1.25803
2.6575, 0.00859479, 1.25531
2.66, 0.0117226, 1.25114
2.6625, 0.0148364, 1.24552
2.665, 0.0179325, 1.23845
2.6675, 0.0210074, 1.22994
2.67, 0.0240574, 1.22001
2.6725, 0.0270791, 1.20867
2.675, 0.0300689, 1.19593
2.6775, 0.0330234, 1.1818
2.68, 0.0359392, 1.1663
2.6825, 0.0388128, 1.14945
2.685, 0.041641, 1.13127
2.6875, 0.0444204, 1.11178
2.69, 0.047148, 1.09101
2.6925, 0.0498204, 1.06897
2.695, 0.0524346, 1.0457
2.6975, 0.0549877, 1.02121
2.7, 0.0574765, 0.995549
2.7025, 0.0598984, 0.968733
2.705, 0.0622504, 0.940798
2.7075, 0.0645298, 0.911775
2.71, 0.066734, 0.8817
2.7125, 0.0688606, 0.850606
2.715, 0.0709069, 0.81853
2.7175, 0.0728707, 0.785509
2.72, 0.0747496, 0.751582
2.7225, 0.0765416, 0.716788
2.725, 0.0782445, 0.681168
2.7275, 0.0798564, 0.644763
2.73, 0.0813754, 0.607616
2.7325, 0.0827999, 0.56977
2.735, 0.084128, 0.531268
2.7375, 0.0853584, 0.492155
2.74, 0.0864896, 0.452478
2.7425, 0.0875203, 0.412282
2.745, 0.0884494, 0.371613
2.7475, 0.0892757, 0.330519
2.75, 0.0899983, 0.289048
2.7525, 0.0906164, 0.247248
2.755, 0.0911293, 0.205168
2.7575, 0.0915365, 0.162855
2.76, 0.0918374, 0.12036
2.7625, 0.0920317, 0.0777319
2.765, 0.0921192, 0.0350197
2.7675, 0.0920999, -0.00772672
2.77, 0.0919738, -0.0504578
2.7725, 0.091741, -0.0931241
2.775, 0.0914018, -0.135676
2.7775, 0.0909566, -0.178064
2.78, 0.090406, -0.22024
2.7825, 0.0897506, -0.262153
2.785, 0.0889912, -0.303756
2.7875, 0.0881287, -0.345001
2.79, 0.0871641, -0.38584
2.7925, 0.0860986, -0.426225
2.795, 0.0849333, -0.466109
2.7975, 0.0836697, -0.505447
2.8, 0.0823092, -0.544193
2.8025, 0.0808534, -0.582302
2.805, 0.0793041, -0.619729
2.8075, 0.077663, -0.656433
2.81, 0.0759321, -0.692369
2.8125, 0.0741134, -0.727497
2.815, 0.0722089, -0.761776
2.8175, 0.070221, -0.795166
2.82, 0.068152, -0.827629
2.8225, 0.0660041, -0.859127
2.825, 0.0637801, -0.889624
2.8275, 0.0614824, -0.919084
2.83, 0.0591137, -0.947474
2.8325, 0.0566768, -0.974761
2.835, 0.0541745, -1.00091
2.8375, 0.0516097, -1.0259
2.84, 0.0489855, -1.04969
2.8425, 0.0463048, -1.07227
2.845, 0.0435709, -1.09359
2.8475, 0.0407868, -1.11364
2.85, 0.0379557, -1.1324
2.8525, 0.0350811, -1.14985
2.855, 0.0321662, -1.16595
2.8575, 0.0292145, -1.1807
2.86, 0.0262293, -1.19408
2.8625, 0.0232141, -1.20608
2.865, 0.0201724, -1.21667
2.8675, 0.0171078, -1.22585
2.87, 0.0140238, -1.2336
2.8725, 0.010924, -1.23993
2.875, 0.00781197, -1.24481
2.8775, 0.00469135, -1.24825
2.88, 0.00156575, -1.25024
2.8825, -0.00156121, -1.25078
2.885, -0.00468589, -1.24987
2.8875, -0.00780467, -1.24751
2.89, -0.0109139, -1.24371
2.8925, -0.0140101, -1.23846
2.895, -0.0170895, -1.23177
2.8975, -0.0201487, -1.22366
2.9, -0.023184, -1.21413
2.9025, -0.026192, -1.20319
2.905, -0.0291691, -1.19086
2.9075, -0.032112, -1.17715
2.91, -0.0350172, -1.16208
2.9125, -0.0378813, -1.14566
2.915, -0.0407011, -1.12791
2.9175, -0.0434733, -1.10886
2.92, -0.0461946, -1.08852
2.9225, -0.0488619, -1.06693
2.925, -0.0514722, -1.0441
2.9275, -0.0540223, -1.02006
2.93, -0.0565094, -0.994847
2.9325, -0.0589306, -0.96848
2.935, -0.0612831, -0.940994
2.9375, -0.0635642, -0.91242
2.94, -0.0657711, -0.882792
2.9425, -0.0679015, -0.852145
2.945, -0.0699528, -0.820514
2.9475, -0.0719226, -0.787935
2.95, -0.0738088, -0.754448
2.9525, -0.075609, -0.72009
2.955, -0.0773212, -0.684903
2.9575, -0.0789436, -0.648926
2.96, -0.0804741, -0.612201
2.9625, -0.081911, -0.574772
2.965, -0.0832527, -0.536682
2.9675, -0.0844976, -0.497975
2.97, -0.0856444, -0.458696
2.9725, -0.0866916, -0.418891
2.975, -0.0876381, -0.378606
2.9775, -0.0884828, -0.337888
2.98, -0.0892248, -0.296783
2.9825, -0.0898631, -0.255341
2.985, -0.0903972, -0.213609
2.9875, -0.0908263, -0.171635
2.99, -0.0911499, -0.129468
2.9925, -0.0913678, -0.0871573
2.995, -0.0914797, -0.0447518
2.9975, -0.0914854, -0.00230067
3, -0.0913851, 0.0401468
3.0025, -0.0911787, 0.0825415
3.005, -0.0908666, 0.124834
3.0075, -0.0904492, 0.166976
3.01, -0.0899269, 0.208917
3.0125, -0.0893004, 0.25061
3.015, -0.0885704, 0.292006
3.0175, -0.0877377, 0.333058
3.02, -0.0868034, 0.373716
3.0225, -0.0857686, 0.413936
3.025, -0.0846344, 0.453669
3.0275, -0.0834022, 0.49287
3.03, -0.0820735, 0.531494
3.0325, -0.0806498, 0.569495
3.035, -0.0791327, 0.60683
3.0375, -0.0775241, 0.643456
3.04, -0.0758257, 0.67933
3.0425, -0.0740397, 0.71441
3.045, -0.0721681, 0.748657
3.0475, -0.070213, 0.78203
3.05, -0.0681768, 0.814491
3.0525, -0.0660618, 0.846003
3.055, -0.0638704, 0.876528
3.0575, -0.0616054, 0.906032
3.06, -0.0592692, 0.934481
3.0625, -0.0568645, 0.961842
3.065, -0.0543943, 0.988083
3.0675, -0.0518614, 1.01317
3.07, -0.0492687, 1.03709
3.0725, -0.0466192, 1.05979
3.075, -0.043916, 1.08126
3.0775, -0.0411623, 1.10148
3.08, -0.0383613, 1.12042
3.0825, -0.0355162, 1.13805
3.085, -0.0326303, 1.15436
3.0875, -0.029707, 1.16933
3.09, -0.0267496, 1.18294
3.0925, -0.0237617, 1.19517
3.095, -0.0207467, 1.20602
3.0975, -0.017708, 1.21547
3.1, -0.0146493, 1.2235
3.1025, -0.011574, 1.23012
3.105, -0.0084857, 1.2353
3.1075, -0.00538806, 1.23906
3.11, -0.00228462, 1.24137
3.1125, 0.000820999, 1.24225
3.115, 0.00392521, 1.24168
3.1175, 0.0070244, 1.23968
3.12, 0.010115, 1.23624
3.1225, 0.0131934, 1.23136
3.125, 0.016256, 1.22505
3.1275, 0.0192993, 1.21733
3.13, 0.0223198, 1.20819
3.1325, 0.025314, 1.19766
3.135, 0.0282783, 1.18574
3.1375, 0.0312094, 1.17244
3.14, 0.0341039, 1.15779
3.1425, 0.0369584, 1.14179
3.145, 0.0397695, 1.12447
3.1475, 0.0425342, 1.10585
3.15, 0.0452491, 1.08595
3.1525, 0.0479111, 1.0648
3.155, 0.0505171, 1.04241
3.1575, 0.0530641, 1.01882
3.16, 0.0555492, 0.994046
3.1625, 0.0579696, 0.968124
3.165, 0.0603223, 0.941084
3.1675, 0.0626047, 0.912956
3.17, 0.0648141, 0.883774
3.1725, 0.066948, 0.85357
3.175, 0.069004, 0.822381
3.1775, 0.0709796, 0.790243
3.18, 0.0728726, 0.757192
3.1825, 0.0746807, 0.723269
3.185, 0.076402, 0.688511
3.1875, 0.0780344, 0.65296
3.19, 0.079576, 0.616657
3.1925, 0.0810252, 0.579644
3.195, 0.0823801, 0.541964
3.1975, 0.0836392, 0.503661
3.2, 0.0848012, 0.46478
3.2025, 0.0858646, 0.425365
3.205, 0.0868282, 0.385463
3.2075, 0.087691, 0.345119
3.21, 0.088452, 0.304381
3.2125, 0.0891102, 0.263296
3.215, 0.089665, 0.221912
3.2175, 0.0901157, 0.180277
3.22, 0.0904618, 0.138438
3.2225, 0.0907029, 0.0964454
3.225, 0.0908388, 0.054347
3.2275, 0.0908693, 0.0121918
3.23, 0.0907943, -0.0299713
3.2325, 0.0906141, -0.0720934
3.235, 0.0903288, -0.114126
3.2375, 0.0899387, -0.156019
3.24, 0.0894444, -0.197725
3.2425, 0.0888464, -0.239196
3.245, 0.0881455, -0.280383
3.2475, 0.0873424, -0.321239
3.25, 0.0864381, -0.361716
3.2525, 0.0854337, -0.401768
3.255, 0.0843303, -0.441348
3.2575, 0.0831293, -0.48041
3.26, 0.081832, -0.518908
3.2625, 0.08044, -0.556799
3.265, 0.0789549, -0.594039
3.2675, 0.0773784, -0.630584
3.27, 0.0757125, -0.666392
3.2725, 0.0739589, -0.701422
3.275, 0.0721198, -0.735633
3.2775, 0.0701974, -0.768986
3.28, 0.0681937, -0.801442
3.2825, 0.0661113, -0.832963
3.285, 0.0639526, -0.863514
3.2875, 0.0617199, -0.893058
3.29, 0.059416, -0.921562
3.2925, 0.0570435, -0.948993
3.295, 0.0546052, -0.975319
3.2975, 0.052104, -1.00051
3.3, 0.0495426, -1.02454
3.3025, 0.0469242, -1.04737
3.305, 0.0442517, -1.06899
3.3075, 0.0415283, -1.08936
3.31, 0.0387572, -1.10847
3.3125, 0.0359414, -1.12628
3.315, 0.0330845, -1.14279
3.3175, 0.0301895, -1.15797
3.32, 0.02726, -1.17181
3.3225, 0.0242993, -1.18428
3.325, 0.0213108, -1.19538
3.3275, 0.0182981, -1.20509
3.33, 0.0152646, -1.2134
3.3325, 0.0122138, -1.22031
3.335, 0.00914936, -1.22579
3.3375, 0.00607472, -1.22985
3.34, 0.0029935, -1.23249
3.3425, -9.07418e-05, -1.2337
3.345, -0.00317442, -1.23347
3.3475, -0.00625396, -1.23181
3.35, -0.00932578, -1.22873
3.3525, -0.0123863, -1.22422
3.355, -0.0154321, -1.21829
3.3575, -0.0184594, -1.21095
3.36, -0.021465, -1.20221
3.3625, -0.0244451, -1.19207
3.365, -0.0273965, -1.18055
3.3675, -0.0303157, -1.16766
3.37, -0.0331992, -1.15342
3.3725, -0.0360438, -1.13785
3.375, -0.0388462, -1.12096
3.3775, -0.0416031, -1.10277
3.38, -0.0443114, -1.0833
3.3825, -0.0469678, -1.06258
3.385, -0.0495694, -1.04063
3.3875, -0.0521131, -1.01748
3.39, -0.054596, -0.993146
3.3925, -0.0570151, -0.967667
3.395, -0.0593678, -0.94107
3.3975, -0.0616513, -0.913384
3.4, -0.0638629, -0.884644
3.4025, -0.0660001, -0.854882
3.405, -0.0680604, -0.824132
3.4075, -0.0700415, -0.792431
3.41, -0.071941, -0.759816
3.4125, -0.0737569, -0.726324
3.415, -0.0754868, -0.691995
3.4175, -0.077129, -0.656868
3.42, -0.0786815, -0.620984
3.4225, -0.0801424, -0.584386
3.425, -0.0815102, -0.547115
3.4275, -0.0827833, -0.509215
3.43, -0.0839601, -0.47073
3.4325, -0.0850393, -0.431704
3.435, -0.0860198, -0.392184
3.4375, -0.0869003, -0.352214
3.44, -0.0876799, -0.311842
3.4425, -0.0883577, -0.271114
3.445, -0.0889329, -0.230078
3.4475, -0.0894049, -0.188781
3.45, -0.0897731, -0.147271
3.4525, -0.090037, -0.105597
3.455, -0.0901966, -0.0638059
3.4575, -0.0902514, -0.0219473
3.46, -0.0902016, 0.0199306
3.4625, -0.0900472, 0.0617791
3.465, -0.0897883, 0.10355
3.4675, -0.0894253, 0.145194
3.47, -0.0889586, 0.186664
3.4725, -0.0883889, 0.227911
3.475, -0.0877166, 0.268887
3.4775, -0.0869428, 0.309546
3.48, -0.0860682, 0.34984
3.4825, -0.0850939, 0.389721
3.485, -0.084021, 0.429145
3.4875, -0.0828508, 0.468065
3.49, -0.0815848, 0.506437
3.4925, -0.0802242, 0.544215
3.495, -0.0787708, 0.581356
3.4975, -0.0772263, 0.617818
3.5, -0.0755924, 0.653557
3.5025, -0.0738711, 0.688533
3.505, -0.0720643, 0.722706
3.5075, -0.0701742, 0.756035
3.51, -0.068203, 0.788482
3.5125, -0.066153, 0.820009
3.515, -0.0640265, 0.850581
3.5175, -0.0618261, 0.880161
3.52, -0.0595543, 0.908717
3.5225, -0.0572138, 0.936214
3.525, -0.0548072, 0.962621
3.5275, -0.0523375, 0.987907
3.53, -0.0498074, 1.01204
3.5325, -0.0472199, 1.035
3.535, -0.044578, 1.05676
3.5375, -0.0418848, 1.07728
3.54, -0.0391434, 1.09656
3.5425, -0.036357, 1.11456
3.545, -0.0335288, 1.13126
3.5475, -0.0306622, 1.14665
3.55, -0.0277604, 1.16071
3.5525, -0.0248269, 1.17341
3.555, -0.021865, 1.18476
3.5575, -0.0188782, 1.19473
3.56, -0.0158699, 1.20331
3.5625, -0.0128437, 1.21049
3.565, -0.00980301, 1.21627
3.5675, -0.0067514, 1.22064
3.57, -0.00369243, 1.22359
3.5725, -0.000629617, 1.22512
3.575, 0.00243347, 1.22523
3.5775, 0.00549327, 1.22392
3.58, 0.00854625, 1.22119
3.5825, 0.0115889, 1.21705
3.585, 0.0146176, 1.21149
3.5875, 0.0176289, 1.20453
3.59, 0.0206193, 1.19617
3.5925, 0.0235854, 1.18642
3.595, 0.0265236, 1.1753
3.5975, 0.0294307, 1.16282
3.6, 0.0323032, 1.14899
3.6025, 0.0351378, 1.13384
3.605, 0.0379312, 1.11736
3.6075, 0.0406802, 1.0996
3.61, 0.0433816, 1.08056
3.6125, 0.0460323, 1.06027
3.615, 0.0486292, 1.03876
3.6175, 0.0511693, 1.01604
3.62, 0.0536496, 0.992149
3.6225, 0.0560674, 0.967109
3.625, 0.0584198, 0.940952
3.6275, 0.0607041, 0.913707
3.63, 0.0629176, 0.885406
3.6325, 0.0650578, 0.856082
3.635, 0.0671222, 0.825769
3.6375, 0.0691085, 0.794504
3.64, 0.0710143, 0.762321
3.6425, 0.0728374, 0.729259
3.645, 0.0745758, 0.695356
3.6475, 0.0762274, 0.660651
3.65, 0.0777904, 0.625185
3.6525, 0.0792629, 0.588999
3.655, 0.0806432, 0.552136
3.6575, 0.0819298, 0.514637
3.66, 0.0831212, 0.476547
3.6625, 0.084216, 0.43791
3.665, 0.0852129, 0.398771
3.6675, 0.0861108, 0.359175
3.67, 0.0869087, 0.319168
3.6725, 0.0876057, 0.278797
3.675, 0.088201, 0.238108
3.6775, 0.0886939, 0.19715
3.68, 0.0890838, 0.155968
3.6825, 0.0893703, 0.114612
3.685, 0.0895532, 0.0731296
3.6875, 0.0896321, 0.0315681
3.69, 0.089607, -0.0100238
3.6925, 0.089478, -0.051598
3.695, 0.0892453, -0.0931061
3.6975, 0.088909, -0.1345
3.7, 0.0884697, -0.175732
3.7025, 0.0879278, -0.216754
3.705, 0.087284, -0.257518
3.7075, 0.0865391, -0.297977
3.71, 0.0856938, -0.338085
3.7125, 0.0847493, -0.377795
3.715, 0.0837067, -0.417061
3.7175, 0.0825671, -0.455837
3.72, 0.0813319, -0.494078
3.7225, 0.0800026, -0.531741
3.725, 0.0785806, -0.568782
3.7275, 0.0770677, -0.605157
3.73, 0.0754656, -0.640825
3.7325, 0.0737763, -0.675744
3.735, 0.0720016, -0.709874
3.7375, 0.0701437, -0.743176
3.74, 0.0682046, -0.77561
3.7425, 0.0661868, -0.807141
3.745, 0.0640925, -0.83773
3.7475, 0.0619241, -0.867343
3.75, 0.0596842, -0.895946
3.7525, 0.0573755, -0.923505
3.755, 0.0550005, -0.949989
3.7575, 0.0525621, -0.975367
3.76, 0.0500631, -0.999609
3.7625, 0.0475063, -1.02269
3.765, 0.0448949, -1.04458
3.7675, 0.0422318, -1.06525
3.77, 0.03952, -1.08469
3.7725, 0.0367629, -1.10287
3.775, 0.0339635, -1.11976
3.7775, 0.0311251, -1.13535
3.78, 0.028251, -1.14962
3.7825, 0.0253446, -1.16256
3.785, 0.0224093, -1.17415
3.7875, 0.0194483, -1.18437
3.79, 0.0164653, -1.19322
3.7925, 0.0134636, -1.20068
3.795, 0.0104467, -1.20675
3.7975, 0.00741816, -1.21142
3.8, 0.00438146, -1.21468
3.8025, 0.00134013, -1.21653
3.805, -0.0017023, -1.21697
3.8075, -0.00474231, -1.216
3.81, -0.00777636, -1.21362
3.8125, -0.0108009, -1.20983
3.815, -0.0138126, -1.20464
3.8175, -0.0168077, -1.19806
3.82, -0.0197829, -1.19008
3.8225, -0.0227347, -1.18072
3.825, -0.0256597, -1.17
3.8275, -0.0285545, -1.15792
3.83, -0.0314157, -1.1445
3.8325, -0.0342401, -1.12975
3.835, -0.0370244, -1.1137
3.8375, -0.0397653, -1.09636
3.84, -0.0424596, -1.07774
3.8425, -0.0451043, -1.05788
3.845, -0.0476963, -1.0368
3.8475, -0.0502326, -1.01451
3.85, -0.0527102, -0.991056
3.8525, -0.0551264, -0.966453
3.855, -0.0574782, -0.940732
3.8575, -0.059763, -0.913924
3.86, -0.0619782, -0.886059
3.8625, -0.0641211, -0.857171
3.865, -0.0661893, -0.827293
3.8675, -0.0681805, -0.79646
3.87, -0.0700922, -0.764708
3.8725, -0.0719224, -0.732073
3.875, -0.0736689, -0.698594
3.8775, -0.0753297, -0.66431
3.88, -0.0769028, -0.62926
3.8825, -0.0783866, -0.593485
3.885, -0.0797791, -0.557027
3.8875, -0.0810789, -0.519929
3.89, -0.0822845, -0.482233
3.8925, -0.0833945, -0.443983
3.895, -0.0844075, -0.405224
3.8975, -0.0853225, -0.366001
3.9, -0.0861384, -0.326359
3.9025, -0.0868543, -0.286344
3.905, -0.0874693, -0.246003
3.9075, -0.0879828, -0.205383
3.91, -0.0883941, -0.16453
3.9125, -0.0887028, -0.123493
3.915, -0.0889086, -0.0823187
3.9175, -0.0890113, -0.0410549
3.92, -0.0890106, 0.000250425
3.9225, -0.0889068, 0.0415493
3.925, -0.0886998, 0.0827938
3.9275, -0.0883899, 0.123936
3.93, -0.0879776, 0.164929
3.9325, -0.0874633, 0.205724
3.935, -0.0868476, 0.246274
3.9375, -0.0861313, 0.286533
3.94, -0.0853152, 0.326453
3.9425, -0.0844002, 0.365989
3.945, -0.0833874, 0.405095
3.9475, -0.0822781, 0.443724
3.95, -0.0810735, 0.481834
3.9525, -0.0797751, 0.519378
3.955, -0.0783843, 0.556315
3.9575, -0.0769028, 0.592601
3.96, -0.0753323, 0.628194
3.9625, -0.0736747, 0.663053
3.965, -0.0719318, 0.697138
3.9675, -0.0701058, 0.73041
3.97, -0.0681987, 0.762829
3.9725, -0.0662129, 0.794358
3.975, -0.0641505, 0.824961
3.9775, -0.0620139, 0.854603
3.98, -0.0598058, 0.883249
3.9825, -0.0575287, 0.910867
3.985, -0.0551851, 0.937424
3.9875, -0.0527779, 0.962889
3.99, -0.0503098, 0.987234
3.9925, -0.0477837, 1.01043
3.995, -0.0452026, 1.03245
3.9975, -0.0425694, 1.05327
4, -0.0398872, 1.07286
4.0025, -0.0371592, 1.09121
4.005, -0.0343885, 1.10829
4.0075, -0.0315783, 1.12408
4.01, -0.0287319, 1.13857
4.0125, -0.0258525, 1.15173
4.015, -0.0229437, 1.16355
4.0175, -0.0200086, 1.17403
4.02, -0.0170508, 1.18313
4.0225, -0.0140736, 1.19087
4.025, -0.0110805, 1.19722
4.0275, -0.00807506, 1.20219
4.03, -0.00506067, 1.20575
4.0325, -0.00204086, 1.20792
4.035, 0.000980865, 1.20869
4.0375, 0.00400101, 1.20806
4.04, 0.00701606, 1.20602
4.0425, 0.0100225, 1.20259
4.045, 0.0130169, 1.19776
4.0475, 0.0159958, 1.19154
4.05, 0.0189556, 1.18394
4.0525, 0.0218931, 1.17497
4.055, 0.0248047, 1.16464
4.0575, 0.027687, 1.15296
4.06, 0.0305369, 1.13994
4.0625, 0.0333509, 1.1256
4.065, 0.0361258, 1.10996
4.0675, 0.0388584, 1.09303
4.07, 0.0415455, 1.07484
4.0725, 0.044184, 1.05541
4.075, 0.0467709, 1.03475
4.0775, 0.0493031, 1.0129
4.08, 0.0517778, 0.98987
4.0825, 0.0541921, 0.965699
4.085, 0.0565431, 0.940412
4.0875, 0.0588282, 0.914038
4.09, 0.0610447, 0.886607
4.0925, 0.0631901, 0.858152
4.095, 0.0652618, 0.828706
4.0975, 0.0672576, 0.798303
4.1, 0.069175, 0.766978
4.1025, 0.071012, 0.734769
4.105, 0.0727662, 0.701712
4.1075, 0.0744359, 0.667846
4.11, 0.0760189, 0.63321
4.1125, 0.0775135, 0.597845
4.115, 0.078918, 0.561792
4.1175, 0.0802307, 0.525092
4.12, 0.0814502, 0.487789
4.1225, 0.082575, 0.449925
4.125, 0.0836039, 0.411546
4.1275, 0.0845356, 0.372694
4.13, 0.0853691, 0.333416
4.1325, 0.0861035, 0.293758
4.135, 0.0867379, 0.253764
4.1375, 0.0872716, 0.213482
4.14, 0.087704, 0.172958
4.1425, 0.0880346, 0.13224
4.145, 0.0882631, 0.091374
4.1475, 0.0883891, 0.0504084
4.15, 0.0884126, 0.00939041
4.1525, 0.0883335, -0.0316324
4.155, 0.088152, -0.0726124
4.1575, 0.0878682, -0.113502
4.16, 0.0874826, -0.154254
4.1625, 0.0869955, -0.194821
4.165, 0.0864076, -0.235156
4.1675, 0.0857196, -0.275212
4.17, 0.0849322, -0.314943
4.1725, 0.0840465, -0.354303
4.175, 0.0830634, -0.393246
4.1775, 0.081984, -0.431727
4.18, 0.0808098, -0.469702
4.1825, 0.079542, -0.507126
4.185, 0.0781821, -0.543957
4.1875, 0.0767317, -0.580151
4.19, 0.0751925, -0.615666
4.1925, 0.0735664, -0.650462
4.195, 0.0718551, -0.684499
4.1975, 0.0700608, -0.717736
4.2, 0.0681854, -0.750137
4.2025, 0.0662313, -0.781662
4.205, 0.0642006, -0.812275
4.2075, 0.0620957, -0.841942
4.21, 0.0599192, -0.870628
4.2125, 0.0576734, -0.8983
4.215, 0.0553611, -0.924926
4.2175, 0.0529849, -0.950475
4.22, 0.0505476, -0.974918
4.2225, 0.0480521, -0.998226
4.225, 0.0455011, -1.02037
4.2275, 0.0428978, -1.04133
4.23, 0.0402451, -1.06108
4.2325, 0.0375461, -1.0796
4.235, 0.034804, -1.09686
4.2375, 0.0320219, -1.11284
4.24, 0.029203, -1.12753
4.2425, 0.0263507, -1.14092
4.245, 0.0234683, -1.15297
4.2475, 0.0205591, -1.16369
4.25, 0.0176264, -1.17306
4.2525, 0.0146738, -1.18106
4.255, 0.0117045, -1.18769
4.2575, 0.00872216, -1.19295
4.26, 0.00573011, -1.19682
4.2625, 0.00273186, -1.1993
4.265, -0.000269112, -1.20039
4.2675, -0.00326933, -1.20009
4.27, -0.0062653, -1.19839
4.2725, -0.00925357, -1.19531
4.275, -0.0122307, -1.19083
4.2775, -0.0151931, -1.18498
4.28, -0.0181375, -1.17776
4.2825, -0.0210604, -1.16917
4.285, -0.0239585, -1.15922
4.2875, -0.0268283, -1.14793
4.29, -0.0296666, -1.13532
4.2925, -0.0324701, -1.12138
4.295, -0.0352354, -1.10615
4.2975, -0.0379595, -1.08964
4.3, -0.0406392, -1.07186
4.3025, -0.0432713, -1.05285
4.305, -0.0458529, -1.03262
4.3075, -0.0483808, -1.01119
4.31, -0.0508523, -0.988591
4.3125, -0.0532644, -0.96485
4.315, -0.0556144, -0.939993
4.3175, -0.0578995, -0.914049
4.32, -0.0601172, -0.88705
4.3225, -0.0622647, -0.859025
4.325, -0.0643398, -0.830008
4.3275, -0.0663398, -0.800033
4.33, -0.0682627, -0.769134
4.3325, -0.070106, -0.737347
4.335, -0.0718678, -0.70471
4.3375, -0.073546, -0.67126
4.34, -0.0751386, -0.637037
4.3425, -0.0766438, -0.60208
4.345, -0.0780598, -0.56643
4.3475, -0.0793851, -0.530127
4.35, -0.0806182, -0.493216
4.3525, -0.0817575, -0.455738
4.355, -0.0828019, -0.417736
4.3575, -0.08375, -0.379256
4.36, -0.0846009, -0.340342
4.3625, -0.0853535, -0.301038
4.365, -0.0860069, -0.261392
4.3675, -0.0865606, -0.221447
4.37, -0.0870137, -0.181252
4.3725, -0.0873658, -0.140853
4.375, -0.0876166, -0.100297
4.3775, -0.0877656, -0.0596295
4.38, -0.0878129, -0.0188994
4.3825, -0.0877583, 0.0218466
4.385, -0.0876019, 0.0625612
4.3875, -0.0873439, 0.103197
4.39, -0.0869846, 0.143707
4.3925, -0.0865245, 0.184045
4.395, -0.0859641, 0.224163
4.3975, -0.085304, 0.264015
4.4, -0.0845452, 0.303555
4.4025, -0.0836883, 0.342737
4.405, -0.0827345, 0.381516
4.4075, -0.0816849, 0.419846
4.41, -0.0805407, 0.457683
4.4125, -0.0793032, 0.494985
4.415, -0.077974, 0.531706
4.4175, -0.0765545, 0.567805
4.42, -0.0750464, 0.60324
4.4225, -0.0734514, 0.637971
4.425, -0.0717715, 0.671956
4.4275, -0.0700087, 0.705156
4.43, -0.0681648, 0.737534
4.4325, -0.0662422, 0.769051
4.435, -0.064243, 0.799672
4.4375, -0.0621696, 0.829361
4.44, -0.0600244, 0.858083
4.4425, -0.0578099, 0.885805
4.445, -0.0555287, 0.912496
4.4475, -0.0531833, 0.938125
4.45, -0.0507767, 0.962661
4.4525, -0.0483115, 0.986078
4.455, -0.0457906, 1.00835
4.4575, -0.043217, 1.02944
4.46, -0.0405937, 1.04934
4.4625, -0.0379236, 1.06802
4.465, -0.03521, 1.08546
4.4675, -0.0324559, 1.10163
4.47, -0.0296646, 1.11653
4.4725, -0.0268392, 1.13013
4.475, -0.0239832, 1.14241
4.4775, -0.0210998, 1.15337
4.48, -0.0181923, 1.16299
4.4825, -0.0152642, 1.17126
4.485, -0.0123188, 1.17816
4.4875, -0.00935951, 1.18371
4.49, -0.00638983, 1.18787
4.4925, -0.00341318, 1.19066
4.495, -0.000433015, 1.19207
4.4975, 0.00254721, 1.19209
4.5, 0.00552404, 1.19073
4.5025, 0.00849402, 1.18799
4.505, 0.0114537, 1.18387
4.5075, 0.0143997, 1.17838
4.51, 0.0173285, 1.17153
4.5125, 0.0202368, 1.16331
4.515, 0.0231212, 1.15375
4.5175, 0.0259783, 1.14285
4.52, 0.0288049, 1.13063
4.5225, 0.0315976, 1.1171
4.525, 0.0343533, 1.10227
4.5275, 0.0370687, 1.08617
4.53, 0.0397407, 1.06881
4.5325, 0.0423663, 1.05021
4.535, 0.0449423, 1.0304
4.5375, 0.0474658, 1.00939
4.54, 0.0499338, 0.98722
4.5425, 0.0523436, 0.963905
4.545, 0.0546923, 0.939476
4.5475, 0.0569772, 0.913961
4.55, 0.0591956, 0.887389
4.5525, 0.0613451, 0.859792
4.555, 0.0634231, 0.831201
4.5575, 0.0654272, 0.801651
4.56, 0.0673552, 0.771175
4.5625, 0.0692047, 0.739809
4.565, 0.0709737, 0.70759
4.5675, 0.0726601, 0.674555
4.57, 0.0742619, 0.640742
4.5725, 0.0757774, 0.606191
4.575, 0.0772047, 0.570942
4.5775, 0.0785423, 0.535036
4.58, 0.0797886, 0.498515
4.5825, 0.0809422, 0.461421
4.585, 0.0820017, 0.423797
4.5875, 0.0829659, 0.385687
4.59, 0.0838337, 0.347136
4.5925, 0.0846042, 0.308187
4.595, 0.0852764, 0.268887
4.5975, 0.0858496, 0.229281
4.6, 0.0863231, 0.189414
4.6025, 0.0866965, 0.149334
4.605, 0.0869692, 0.109087
4.6075, 0.087141, 0.068719
4.61, 0.0872117, 0.0282773
4.6125, 0.0871812, -0.0121911
4.615, 0.0870496, -0.0526394
4.6175, 0.0868171, -0.0930206
4.62, 0.0864838, -0.133288
4.6225, 0.0860504, -0.173395
4.625, 0.0855171, -0.213294
4.6275, 0.0848848, -0.252941
4.63, 0.0841541, -0.292288
4.6325, 0.0833258, -0.33129
4.635, 0.0824011, -0.369902
4.6375, 0.0813809, -0.408079
4.64, 0.0802664, -0.445778
4.6425, 0.079059, -0.482953
4.645, 0.0777601, -0.519563
4.6475, 0.0763712, -0.555565
4.65, 0.0748939, -0.590917
4.6525, 0.07333, -0.625578
4.655, 0.0716812, -0.659509
4.6575, 0.0699495, -0.692669
4.66, 0.068137, -0.725021
4.6625, 0.0662457, -0.756528
4.665, 0.0642778, -0.787152
4.6675, 0.0622356, -0.816859
4.67, 0.0601216, -0.845613
4.6725, 0.0579382, -0.873383
4.675, 0.0556878, -0.900135
4.6775, 0.0533732, -0.925839
4.68, 0.0509971, -0.950466
4.6825, 0.0485621, -0.973986
4.685, 0.0460712, -0.996373
4.6875, 0.0435272, -1.0176
4.69, 0.040933, -1.03765
4.6925, 0.0382918, -1.05648
4.695, 0.0356066, -1.07409
4.6975, 0.0328805, -1.09045
4.7, 0.0301166, -1.10555
4.7025, 0.0273182, -1.11936
4.705, 0.0244885, -1.13187
4.7075, 0.0216309, -1.14306
4.71, 0.0187486, -1.15293
4.7125, 0.0158449, -1.16145
4.715, 0.0129233, -1.16863
4.7175, 0.00998719, -1.17446
4.72, 0.0070399, -1.17892
4.7225, 0.00408489, -1.18201
4.725, 0.00112557, -1.18373
4.7275, -0.00183462, -1.18407
4.73, -0.00479223, -1.18305
4.7325, -0.00774385, -1.18065
4.735, -0.0106861, -1.17688
4.7375, -0.0136154, -1.17175
4.74, -0.0165286, -1.16526
4.7425, -0.0194221, -1.15741
4.745, -0.0222927, -1.14823
4.7475, -0.025137, -1.13772
4.75, -0.0279517, -1.12588
4.7525, -0.0307335, -1.11275
4.755, -0.0334793, -1.09832
4.7575, -0.0361859, -1.08263
4.76, -0.0388501, -1.06568
4.7625, -0.0414688, -1.04749
4.765, -0.0440391, -1.0281
4.7675, -0.0465579, -1.00751
4.77, -0.0490223, -0.98576
4.7725, -0.0514294, -0.962868
4.775, -0.0537766, -0.938863
4.7775, -0.056061, -0.913772
4.78, -0.0582801, -0.887626
4.7825, -0.0604312, -0.860453
4.785, -0.0625119, -0.832287
4.7875, -0.0645198, -0.803159
4.79, -0.0664526, -0.773104
4.7925, -0.068308, -0.742157
4.795, -0.0700839, -0.710353
4.7975, -0.0717782, -0.677731
4.8, -0.073389, -0.644327
4.8025, -0.0749145, -0.61018
4.805, -0.0763528, -0.575331
4.8075, -0.0777023, -0.539819
4.81, -0.0789615, -0.503687
4.8125, -0.080129, -0.466976
4.815, -0.0812033, -0.429729
4.8175, -0.0821833, -0.391988
4.82, -0.0830678, -0.353799
4.8225, -0.0838558, -0.315205
4.825, -0.0845464, -0.276251
4.8275, -0.0851389, -0.236982
4.83, -0.0856325, -0.197445
4.8325, -0.0860267, -0.157684
4.835, -0.0863211, -0.117746
4.8375, -0.0865153, -0.0776775
4.84, -0.0866091, -0.0375249
4.8425, -0.0866024, 0.00266532
4.845, -0.0864953, 0.0428465
4.8475, -0.0862879, 0.082972
4.85, -0.0859804, 0.122995
4.8525, -0.0855732, 0.16287
4.855, -0.0850668, 0.20255
4.8575, -0.0844619, 0.241989
4.86, -0.083759, 0.281141
4.8625, -0.0829591, 0.319962
4.865, -0.0820631, 0.358405
4.8675, -0.081072, 0.396428
4.87, -0.0799871, 0.433984
4.8725, -0.0788095, 0.471032
4.875, -0.0775407, 0.507528
4.8775, -0.0761821, 0.54343
4.88, -0.0747353, 0.578696
4.8825, -0.0732021, 0.613285
4.885, -0.0715842, 0.647158
4.8875, -0.0698835, 0.680276
4.89, -0.068102, 0.712599
4.8925, -0.0662418, 0.744091
4.895, -0.064305, 0.774715
4.8975, -0.0622939, 0.804436
4.9, -0.0602109, 0.83322
4.9025, -0.0580583, 0.861033
4.905, -0.0558387, 0.887842
4.9075, -0.0535547, 0.913619
4.91, -0.0512088, 0.938331
4.9125, -0.0488039, 0.961951
4.915, -0.0463428, 0.984453
4.9175, -0.0438283, 1.00581
4.92, -0.0412633, 1.02599
4.9225, -0.0386508, 1.04499
4.925, -0.0359939, 1.06277
4.9275, -0.0332957, 1.07931
4.93, -0.0305592, 1.0946
4.9325, -0.0277876, 1.10861
4.935, -0.0249843, 1.12134
4.9375, -0.0221524, 1.13277
4.94, -0.0192952, 1.14288
4.9425, -0.016416, 1.15166
4.945, -0.0135183, 1.1591
4.9475, -0.0106053, 1.1652
4.95, -0.00768038, 1.16995
4.9525, -0.00474703, 1.17334
4.955, -0.0018086, 1.17537
4.9575, 0.00113149, 1.17604
4.96, 0.00406983, 1.17534
4.9625, 0.00700301, 1.17327
4.965, 0.00992763, 1.16985
4.9675, 0.0128403, 1.16507
4.97, 0.0157377, 1.15894
4.9725, 0.0186163, 1.15146
4.975, 0.021473, 1.14266
4.9775, 0.0243043, 1.13252
4.98, 0.027107, 1.12108
4.9825, 0.0298778, 1.10834
4.985, 0.0326136, 1.09431
4.9875, 0.0353111, 1.07901
4.99, 0.0379673, 1.06247
4.9925, 0.040579, 1.0447
4.995, 0.0431433, 1.02571
4.9975, 0.0456572, 1.00554
5, 0.0481177, 0.984211
