0, 0.1, 0.00125, 0
0.0025, 0.1, 0.00375, -0.0625
0.005, 0.0998438, 0.00625, -0.124902
0.0075, 0.0995315, 0.00875, -0.18711
0.01, 0.0990637, 0.01125, -0.249024
0.0125, 0.0984412, 0.01375, -0.31055
0.015, 0.0976648, 0.01625, -0.371591
0.0175, 0.0967358, 0.01875, -0.43205
0.02, 0.0956557, 0.02125, -0.491835
0.0225, 0.0944261, 0.02375, -0.550852
0.025, 0.093049, 0.02625, -0.609007
0.0275, 0.0915264, 0.02875, -0.666211
0.03, 0.0898609, 0.03125, -0.722374
0.0325, 0.088055, 0.03375, -0.777409
0.035, 0.0861115, 0.03625, -0.831228
0.0375, 0.0840334, 0.03875, -0.883749
0.04, 0.081824, 0.04125, -0.934889
0.0425, 0.0794868, 0.04375, -0.984568
0.045, 0.0770254, 0.04625, -1.03271
0.0475, 0.0744436, 0.04875, -1.07924
0.05, 0.0717455, 0.05125, -1.12408
0.0525, 0.0689353, 0.05375, -1.16716
0.055, 0.0660174, 0.05625, -1.20842
0.0575, 0.0629964, 0.05875, -1.2478
0.06, 0.0598769, 0.06125, -1.28522
0.0625, 0.0566638, 0.06375, -1.32063
0.065, 0.0533622, 0.06625, -1.35398
0.0675, 0.0499773, 0.06875, -1.38522
0.07, 0.0465142, 0.07125, -1.41429
0.0725, 0.0429785, 0.07375, -1.44115
0.075, 0.0393756, 0.07625, -1.46576
0.0775, 0.0357112, 0.07875, -1.48808
0.08, 0.031991, 0.08125, -1.50808
0.0825, 0.0282208, 0.08375, -1.52572
0.085, 0.0244065, 0.08625, -1.54097
0.0875, 0.0205541, 0.08875, -1.55382
0.09, 0.0166695, 0.09125, -1.56423
0.0925, 0.012759, 0.09375, -1.57221
0.095, 0.00882844, 0.09625, -1.57773
0.0975, 0.00488412, 0.09875, -1.58078
0.1, 0.000932175, 0.10125, -1.58136
0.1025, -0.00302123, 0.10375, -1.57947
0.105, -0.00696991, 0.10625, -1.57512
0.1075, -0.0109077, 0.10875, -1.5683
0.11, -0.0148285, 0.11125, -1.55903
0.1125, -0.018726, 0.11375, -1.54733
0.115, -0.0225944, 0.11625, -1.53321
0.1175, -0.0264274, 0.11875, -1.51669
0.12, -0.0302191, 0.12125, -1.4978
0.1225, -0.0339636, 0.12375, -1.47658
0.125, -0.037655, 0.12625, -1.45304
0.1275, -0.0412876, 0.12875, -1.42724
0.13, -0.0448557, 0.13125, -1.3992
0.1325, -0.0483537, 0.13375, -1.36898
0.135, -0.0517762, 0.13625, -1.33662
0.1375, -0.0551177, 0.13875, -1.30217
0.14, -0.0583732, 0.14125, -1.26569
0.1425, -0.0615374, 0.14375, -1.22723
0.145, -0.0646055, 0.14625, -1.18685
0.1475, -0.0675726, 0.14875, -1.14462
0.15, -0.0704341, 0.15125, -1.10059
0.1525, -0.0731856, 0.15375, -1.05485
0.155, -0.0758227, 0.15625, -1.00746
0.1575, -0.0783414, 0.15875, -0.958501
0.16, -0.0807377, 0.16125, -0.90804
0.1625, -0.0830078, 0.16375, -0.85616
0.165, -0.0851482, 0.16625, -0.802943
0.1675, -0.0871555, 0.16875, -0.748471
0.17, -0.0890267, 0.17125, -0.692829
0.1725, -0.0907588, 0.17375, -0.636105
0.175, -0.092349, 0.17625, -0.578387
0.1775, -0.093795, 0.17875, -0.519765
0.18, -0.0950944, 0.18125, -0.460331
0.1825, -0.0962452, 0.18375, -0.400177
0.185, -0.0972457, 0.18625, -0.339399
0.1875, -0.0980942, 0.18875, -0.27809
0.19, -0.0987894, 0.19125, -0.216347
0.1925, -0.0993303, 0.19375, -0.154265
0.195, -0.0997159, 0.19625, -0.0919428
0.1975, -0.0999458, 0.19875, -0.0294767
0.2, -0.100019, 0.20125, 0.0330355
0.2025, -0.0999369, 0.20375, 0.095496
0.205, -0.0996981, 0.20625, 0.157807
0.2075, -0.0993036, 0.20875, 0.219872
0.21, -0.0987539, 0.21125, 0.281593
0.2125, -0.09805, 0.21375, 0.342875
0.215, -0.0971928, 0.21625, 0.40362
0.2175, -0.0961837, 0.21875, 0.463735
0.22, -0.0950244, 0.22125, 0.523125
0.2225, -0.0937166, 0.22375, 0.581698
0.225, -0.0922623, 0.22625, 0.639362
0.2275, -0.0906639, 0.22875, 0.696027
0.23, -0.0889239, 0.23125, 0.751604
0.2325, -0.0870448, 0.23375, 0.806007
0.235, -0.0850298, 0.23625, 0.859151
0.2375, -0.082882, 0.23875, 0.910952
0.24, -0.0806046, 0.24125, 0.96133
0.2425, -0.0782012, 0.24375, 1.01021
0.245, -0.0756757, 0.24625, 1.0575
0.2475, -0.073032, 0.24875, 1.10315
0.25, -0.0702741, 0.25125, 1.14707
0.2525, -0.0674064, 0.25375, 1.1892
0.255, -0.0644334, 0.25625, 1.22947
0.2575, -0.0613598, 0.25875, 1.26782
0.26, -0.0581902, 0.26125, 1.30419
0.2625, -0.0549297, 0.26375, 1.33852
0.265, -0.0515834, 0.26625, 1.37076
0.2675, -0.0481565, 0.26875, 1.40086
0.27, -0.0446544, 0.27125, 1.42877
0.2725, -0.0410825, 0.27375, 1.45444
0.275, -0.0374464, 0.27625, 1.47785
0.2775, -0.0337518, 0.27875, 1.49894
0.28, -0.0300044, 0.28125, 1.51769
0.2825, -0.0262102, 0.28375, 1.53408
0.285, -0.022375, 0.28625, 1.54806
0.2875, -0.0185048, 0.28875, 1.55963
0.29, -0.0146058, 0.29125, 1.56875
0.2925, -0.0106839, 0.29375, 1.57543
0.295, -0.00674532, 0.29625, 1.57965
0.2975, -0.0027962, 0.29875, 1.58139
0.3, 0.00115729, 0.30125, 1.58067
0.3025, 0.00510896, 0.30375, 1.57748
0.305, 0.00905266, 0.30625, 1.57182
0.3075, 0.0129822, 0.30875, 1.56371
0.31, 0.0168915, 0.31125, 1.55315
0.3125, 0.0207744, 0.31375, 1.54017
0.315, 0.0246248, 0.31625, 1.52477
0.3175, 0.0284367, 0.31875, 1.507
0.32, 0.0322042, 0.32125, 1.48687
0.3225, 0.0359214, 0.32375, 1.46442
0.325, 0.0395824, 0.32625, 1.43968
0.3275, 0.0431817, 0.32875, 1.4127
0.33, 0.0467134, 0.33125, 1.3835
0.3325, 0.0501721, 0.33375, 1.35214
0.335, 0.0535525, 0.33625, 1.31867
0.3375, 0.0568492, 0.33875, 1.28314
0.34, 0.060057, 0.34125, 1.24561
0.3425, 0.0631711, 0.34375, 1.20612
0.345, 0.0661864, 0.34625, 1.16476
0.3475, 0.0690983, 0.34875, 1.12157
0.35, 0.0719022, 0.35125, 1.07663
0.3525, 0.0745938, 0.35375, 1.03001
0.355, 0.0771688, 0.35625, 0.98178
0.3575, 0.0796232, 0.35875, 0.932016
0.36, 0.0819533, 0.36125, 0.880795
0.3625, 0.0841553, 0.36375, 0.828198
0.365, 0.0862258, 0.36625, 0.774307
0.3675, 0.0881615, 0.36875, 0.719206
0.37, 0.0899595, 0.37125, 0.662981
0.3725, 0.091617, 0.37375, 0.605721
0.375, 0.0931313, 0.37625, 0.547514
0.3775, 0.0945001, 0.37875, 0.488451
0.38, 0.0957212, 0.38125, 0.428625
0.3825, 0.0967928, 0.38375, 0.36813
0.385, 0.0977131, 0.38625, 0.307059
0.3875, 0.0984807, 0.38875, 0.245509
0.39, 0.0990945, 0.39125, 0.183575
0.3925, 0.0995535, 0.39375, 0.121354
0.395, 0.0998568, 0.39625, 0.0589431
0.3975, 0.100004, 0.39875, -0.00355951
0.4, 0.0999953, 0.40125, -0.0660566
0.4025, 0.0998302, 0.40375, -0.12845
0.405, 0.099509, 0.40625, -0.190644
0.4075, 0.0990324, 0.40875, -0.252539
0.41, 0.0984011, 0.41125, -0.314039
0.4125, 0.097616, 0.41375, -0.375049
0.415, 0.0966784, 0.41625, -0.435473
0.4175, 0.0955897, 0.41875, -0.495217
0.42, 0.0943516, 0.42125, -0.554187
0.4225, 0.0929662, 0.42375, -0.612291
0.425, 0.0914354, 0.42625, -0.669438
0.4275, 0.0897618, 0.42875, -0.725539
0.43, 0.087948, 0.43125, -0.780506
0.4325, 0.0859967, 0.43375, -0.834254
0.435, 0.0839111, 0.43625, -0.886699
0.4375, 0.0816943, 0.43875, -0.937758
0.44, 0.0793499, 0.44125, -0.987351
0.4425, 0.0768816, 0.44375, -1.0354
0.445, 0.0742931, 0.44625, -1.08184
0.4475, 0.0715885, 0.44875, -1.12658
0.45, 0.068772, 0.45125, -1.16956
0.4525, 0.0658481, 0.45375, -1.21072
0.455, 0.0628213, 0.45625, -1.24998
0.4575, 0.0596964, 0.45875, -1.28729
0.46, 0.0564782, 0.46125, -1.32259
0.4625, 0.0531717, 0.46375, -1.35582
0.465, 0.0497821, 0.46625, -1.38693
0.4675, 0.0463148, 0.46875, -1.41588
0.47, 0.0427751, 0.47125, -1.44262
0.4725, 0.0391686, 0.47375, -1.4671
0.475, 0.0355008, 0.47625, -1.48928
0.4775, 0.0317776, 0.47875, -1.50915
0.48, 0.0280047, 0.48125, -1.52665
0.4825, 0.0241881, 0.48375, -1.54177
0.485, 0.0203337, 0.48625, -1.55447
0.4875, 0.0164475, 0.48875, -1.56475
0.49, 0.0125356, 0.49125, -1.57259
0.4925, 0.00860417, 0.49375, -1.57797
0.495, 0.00465925, 0.49625, -1.58088
0.4975, 0.000707059, 0.49875, -1.58132
0.5, -0.00324624, 0.50125, -1.57929
0.5025, -0.00719447, 0.50375, -1.57479
0.505, -0.0111315, 0.50625, -1.56784
0.5075, -0.0150511, 0.50875, -1.55843
0.51, -0.0189471, 0.51125, -1.54659
0.5125, -0.0228136, 0.51375, -1.53233
0.515, -0.0266444, 0.51625, -1.51568
0.5175, -0.0304336, 0.51875, -1.49666
0.52, -0.0341753, 0.52125, -1.4753
0.5225, -0.0378635, 0.52375, -1.45163
0.525, -0.0414926, 0.52625, -1.4257
0.5275, -0.0450568, 0.52875, -1.39754
0.53, -0.0485507, 0.53125, -1.36719
0.5325, -0.0519687, 0.53375, -1.33471
0.535, -0.0553055, 0.53625, -1.30015
0.5375, -0.0585558, 0.53875, -1.26355
0.54, -0.0617147, 0.54125, -1.22498
0.5425, -0.0647772, 0.54375, -1.18449
0.545, -0.0677384, 0.54625, -1.14216
0.5475, -0.0705938, 0.54875, -1.09804
0.55, -0.0733389, 0.55125, -1.0522
0.5525, -0.0759694, 0.55375, -1.00472
0.555, -0.0784812, 0.55625, -0.955668
0.5575, -0.0808703, 0.55875, -0.905124
0.56, -0.0831331, 0.56125, -0.853165
0.5625, -0.0852661, 0.56375, -0.799874
0.565, -0.0872657, 0.56625, -0.745333
0.5675, -0.0891291, 0.56875, -0.689627
0.57, -0.0908531, 0.57125, -0.632844
0.5725, -0.0924353, 0.57375, -0.575072
0.575, -0.0938729, 0.57625, -0.516402
0.5775, -0.0951639, 0.57875, -0.456924
0.58, -0.0963062, 0.58125, -0.396733
0.5825, -0.0972981, 0.58375, -0.335921
0.585, -0.0981379, 0.58625, -0.274585
0.5875, -0.0988243, 0.58875, -0.21282
0.59, -0.0993564, 0.59125, -0.150722
0.5925, -0.0997332, 0.59375, -0.0883891
0.595, -0.0999542, 0.59625, -0.0259177
0.5975, -0.100019, 0.59875, 0.0365941
0.6, -0.0999275, 0.60125, 0.0990488
0.6025, -0.0996799, 0.60375, 0.161349
0.605, -0.0992765, 0.60625, 0.223397
0.6075, -0.098718, 0.60875, 0.285095
0.61, -0.0980053, 0.61125, 0.346349
0.6125, -0.0971394, 0.61375, 0.407061
0.615, -0.0961217, 0.61625, 0.467137
0.6175, -0.0949539, 0.61875, 0.526483
0.62, -0.0936377, 0.62125, 0.585007
0.6225, -0.0921752, 0.62375, 0.642616
0.625, -0.0905686, 0.62625, 0.699221
0.6275, -0.0888206, 0.62875, 0.754734
0.63, -0.0869337, 0.63125, 0.809068
0.6325, -0.0849111, 0.63375, 0.862137
0.635, -0.0827557, 0.63625, 0.91386
0.6375, -0.0804711, 0.63875, 0.964154
0.64, -0.0780607, 0.64125, 1.01294
0.6425, -0.0755283, 0.64375, 1.06015
0.645, -0.072878, 0.64625, 1.1057
0.6475, -0.0701137, 0.64875, 1.14952
0.65, -0.0672399, 0.65125, 1.19154
0.6525, -0.0642611, 0.65375, 1.23171
0.655, -0.0611818, 0.65625, 1.26994
0.6575, -0.058007, 0.65875, 1.3062
0.66, -0.0547415, 0.66125, 1.34041
0.6625, -0.0513904, 0.66375, 1.37253
0.665, -0.0479591, 0.66625, 1.4025
0.6675, -0.0444528, 0.66875, 1.43029
0.67, -0.0408771, 0.67125, 1.45584
0.6725, -0.0372375, 0.67375, 1.47911
0.675, -0.0335398, 0.67625, 1.50007
0.6775, -0.0297896, 0.67875, 1.51869
0.68, -0.0259929, 0.68125, 1.53494
0.6825, -0.0221555, 0.68375, 1.54878
0.685, -0.0182836, 0.68625, 1.56021
0.6875, -0.014383, 0.68875, 1.5692
0.69, -0.01046, 0.69125, 1.57574
0.6925, -0.00652069, 0.69375, 1.57981
0.695, -0.00257116, 0.69625, 1.58142
0.6975, 0.00138239, 0.69875, 1.58056
0.7, 0.00533378, 0.70125, 1.57722
0.7025, 0.00927684, 0.70375, 1.57142
0.705, 0.0132054, 0.70625, 1.56317
0.7075, 0.0171133, 0.70875, 1.55247
0.71, 0.0209945, 0.71125, 1.53935
0.7125, 0.0248429, 0.71375, 1.52383
0.715, 0.0286525, 0.71625, 1.50592
0.7175, 0.0324173, 0.71875, 1.48566
0.72, 0.0361314, 0.72125, 1.46308
0.7225, 0.0397891, 0.72375, 1.43821
0.725, 0.0433846, 0.72625, 1.41109
0.7275, 0.0469123, 0.72875, 1.38177
0.73, 0.0503668, 0.73125, 1.35029
0.7325, 0.0537425, 0.73375, 1.3167
0.735, 0.0570343, 0.73625, 1.28106
0.7375, 0.0602369, 0.73875, 1.24341
0.74, 0.0633454, 0.74125, 1.20382
0.7425, 0.066355, 0.74375, 1.16235
0.745, 0.0692608, 0.74625, 1.11906
0.7475, 0.0720585, 0.74875, 1.07402
0.75, 0.0747435, 0.75125, 1.02731
0.7525, 0.0773118, 0.75375, 0.978987
0.755, 0.0797593, 0.75625, 0.929138
0.7575, 0.0820821, 0.75875, 0.877837
0.76, 0.0842767, 0.76125, 0.825164
0.7625, 0.0863396, 0.76375, 0.771201
0.765, 0.0882676, 0.76625, 0.716034
0.7675, 0.0900577, 0.76875, 0.659748
0.77, 0.0917071, 0.77125, 0.602431
0.7725, 0.0932132, 0.77375, 0.544173
0.775, 0.0945736, 0.77625, 0.485064
0.7775, 0.0957863, 0.77875, 0.425198
0.78, 0.0968493, 0.78125, 0.364667
0.7825, 0.0977609, 0.78375, 0.303567
0.785, 0.0985198, 0.78625, 0.241992
0.7875, 0.0991248, 0.78875, 0.180039
0.79, 0.0995749, 0.79125, 0.117804
0.7925, 0.0998694, 0.79375, 0.0553859
0.795, 0.100008, 0.79625, -0.00711901
0.7975, 0.0999901, 0.79875, -0.0696128
0.8, 0.0998161, 0.80125, -0.131998
0.8025, 0.0994861, 0.80375, -0.194177
0.805, 0.0990006, 0.80625, -0.256052
0.8075, 0.0983605, 0.80875, -0.317527
0.81, 0.0975667, 0.81125, -0.378506
0.8125, 0.0966204, 0.81375, -0.438894
0.815, 0.0955232, 0.81625, -0.498596
0.8175, 0.0942767, 0.81875, -0.557519
0.82, 0.0928829, 0.82125, -0.615571
0.8225, 0.091344, 0.82375, -0.672661
0.825, 0.0896623, 0.82625, -0.7287
0.8275, 0.0878406, 0.82875, -0.7836
0.83, 0.0858816, 0.83125, -0.837276
0.8325, 0.0837884, 0.83375, -0.889644
0.835, 0.0815643, 0.83625, -0.940622
0.8375, 0.0792127, 0.83875, -0.990129
0.84, 0.0767374, 0.84125, -1.03809
0.8425, 0.0741421, 0.84375, -1.08443
0.845, 0.0714311, 0.84625, -1.12907
0.8475, 0.0686084, 0.84875, -1.17195
0.85, 0.0656785, 0.85125, -1.213
0.8525, 0.062646, 0.85375, -1.25216
0.855, 0.0595156, 0.85625, -1.28935
0.8575, 0.0562922, 0.85875, -1.32454
0.86, 0.0529809, 0.86125, -1.35765
0.8625, 0.0495868, 0.86375, -1.38864
0.865, 0.0461152, 0.86625, -1.41746
0.8675, 0.0425715, 0.86875, -1.44407
0.87, 0.0389613, 0.87125, -1.46842
0.8725, 0.0352903, 0.87375, -1.49048
0.875, 0.0315641, 0.87625, -1.51021
0.8775, 0.0277886, 0.87875, -1.52757
0.88, 0.0239696, 0.88125, -1.54255
0.8825, 0.0201132, 0.88375, -1.55512
0.885, 0.0162254, 0.88625, -1.56527
0.8875, 0.0123123, 0.88875, -1.57296
0.89, 0.00837986, 0.89125, -1.5782
0.8925, 0.00443436, 0.89375, -1.58097
0.895, 0.000481939, 0.89625, -1.58127
0.8975, -0.00347124, 0.89875, -1.5791
0.9, -0.00741899, 0.90125, -1.57446
0.9025, -0.0113552, 0.90375, -1.56737
0.905, -0.0152736, 0.90625, -1.55782
0.9075, -0.0191681, 0.90875, -1.54584
0.91, -0.0230327, 0.91125, -1.53145
0.9125, -0.0268613, 0.91375, -1.51466
0.915, -0.030648, 0.91625, -1.4955
0.9175, -0.0343867, 0.91875, -1.47401
0.92, -0.0380718, 0.92125, -1.45022
0.9225, -0.0416973, 0.92375, -1.42416
0.925, -0.0452577, 0.92625, -1.39587
0.9275, -0.0487474, 0.92875, -1.3654
0.93, -0.0521609, 0.93125, -1.3328
0.9325, -0.0554929, 0.93375, -1.29812
0.935, -0.0587382, 0.93625, -1.26141
0.9375, -0.0618917, 0.93875, -1.22272
0.94, -0.0649485, 0.94125, -1.18213
0.9425, -0.0679038, 0.94375, -1.13969
0.945, -0.0707531, 0.94625, -1.09547
0.9475, -0.0734918, 0.94875, -1.04954
0.95, -0.0761156, 0.95125, -1.00197
0.9525, -0.0786205, 0.95375, -0.952829
0.955, -0.0810026, 0.95625, -0.902203
0.9575, -0.0832581, 0.95875, -0.850166
0.96, -0.0853835, 0.96125, -0.796802
0.9625, -0.0873755, 0.96375, -0.742192
0.965, -0.089231, 0.96625, -0.686422
0.9675, -0.0909471, 0.96875, -0.629581
0.97, -0.092521, 0.97125, -0.571755
0.9725, -0.0939504, 0.97375, -0.513036
0.975, -0.095233, 0.97625, -0.453515
0.9775, -0.0963668, 0.97875, -0.393286
0.98, -0.09735, 0.98125, -0.332442
0.9825, -0.0981811, 0.98375, -0.271079
0.985, -0.0988588, 0.98625, -0.209292
0.9875, -0.099382, 0.98875, -0.147179
0.99, -0.09975, 0.99125, -0.0848349
0.9925, -0.0999621, 0.99375, -0.0223586
0.995, -0.100018, 0.99625, 0.0401526
0.9975, -0.0999176, 0.99875, 0.102601
1, -0.0996611, 1.00125, 0.164889
1.0025, -0.0992488, 1.00375, 0.22692
1.005, -0.0986815, 1.00625, 0.288596
1.0075, -0.0979601, 1.00875, 0.349821
1.01, -0.0970855, 1.01125, 0.410499
1.0125, -0.0960593, 1.01375, 0.470536
1.015, -0.0948829, 1.01625, 0.529838
1.0175, -0.0935583, 1.01875, 0.588312
1.02, -0.0920875, 1.02125, 0.645867
1.0225, -0.0904729, 1.02375, 0.702412
1.025, -0.0887168, 1.02625, 0.75786
1.0275, -0.0868222, 1.02875, 0.812124
1.03, -0.0847919, 1.03125, 0.865119
1.0325, -0.0826291, 1.03375, 0.916762
1.035, -0.0803372, 1.03625, 0.966973
1.0375, -0.0779197, 1.03875, 1.01567
1.04, -0.0753806, 1.04125, 1.06279
1.0425, -0.0727236, 1.04375, 1.10824
1.045, -0.069953, 1.04625, 1.15196
1.0475, -0.0670731, 1.04875, 1.19388
1.05, -0.0640884, 1.05125, 1.23393
1.0525, -0.0610036, 1.05375, 1.27206
1.055, -0.0578234, 1.05625, 1.3082
1.0575, -0.0545529, 1.05875, 1.3423
1.06, -0.0511972, 1.06125, 1.3743
1.0625, -0.0477614, 1.06375, 1.40415
1.065, -0.0442511, 1.06625, 1.4318
1.0675, -0.0406716, 1.06875, 1.45722
1.07, -0.0370285, 1.07125, 1.48037
1.0725, -0.0333276, 1.07375, 1.5012
1.075, -0.0295746, 1.07625, 1.51968
1.0775, -0.0257754, 1.07875, 1.53579
1.08, -0.0219359, 1.08125, 1.5495
1.0825, -0.0180622, 1.08375, 1.56079
1.085, -0.0141602, 1.08625, 1.56964
1.0875, -0.0102361, 1.08875, 1.57604
1.09, -0.00629603, 1.09125, 1.57997
1.0925, -0.0023461, 1.09375, 1.58144
1.095, 0.00160749, 1.09625, 1.58043
1.0975, 0.00555857, 1.09875, 1.57696
1.1, 0.00950097, 1.10125, 1.57102
1.1025, 0.0134285, 1.10375, 1.56263
1.105, 0.0173351, 1.10625, 1.55179
1.1075, 0.0212146, 1.10875, 1.53853
1.11, 0.0250609, 1.11125, 1.52287
1.1125, 0.0288681, 1.11375, 1.50483
1.115, 0.0326301, 1.11625, 1.48443
1.1175, 0.0363412, 1.11875, 1.46172
1.12, 0.0399955, 1.12125, 1.43672
1.1225, 0.0435873, 1.12375, 1.40948
1.125, 0.047111, 1.12625, 1.38004
1.1275, 0.0505611, 1.12875, 1.34844
1.13, 0.0539322, 1.13125, 1.31473
1.1325, 0.0572191, 1.13375, 1.27897
1.135, 0.0604165, 1.13625, 1.24121
1.1375, 0.0635195, 1.13875, 1.20151
1.14, 0.0665233, 1.14125, 1.15993
1.1425, 0.0694231, 1.14375, 1.11654
1.145, 0.0722144, 1.14625, 1.07141
1.1475, 0.074893, 1.14875, 1.0246
1.15, 0.0774544, 1.15125, 0.976189
1.1525, 0.0798949, 1.15375, 0.926255
1.155, 0.0822106, 1.15625, 0.874873
1.1575, 0.0843977, 1.15875, 0.822125
1.16, 0.0864531, 1.16125, 0.768092
1.1625, 0.0883733, 1.16375, 0.712858
1.165, 0.0901554, 1.16625, 0.656511
1.1675, 0.0917967, 1.16875, 0.599138
1.17, 0.0932946, 1.17125, 0.540829
1.1725, 0.0946466, 1.17375, 0.481675
1.175, 0.0958508, 1.17625, 0.421768
1.1775, 0.0969052, 1.17875, 0.361203
1.18, 0.0978082, 1.18125, 0.300072
1.1825, 0.0985584, 1.18375, 0.238473
1.185, 0.0991546, 1.18625, 0.176502
1.1875, 0.0995959, 1.18875, 0.114254
1.19, 0.0998815, 1.19125, 0.0518285
1.1925, 0.100011, 1.19375, -0.0106785
1.195, 0.0999844, 1.19625, -0.0731687
1.1975, 0.0998015, 1.19875, -0.135545
1.2, 0.0994626, 1.20125, -0.197709
1.2025, 0.0989683, 1.20375, -0.259564
1.205, 0.0983194, 1.20625, -0.321014
1.2075, 0.0975169, 1.20875, -0.381962
1.21, 0.096562, 1.21125, -0.442313
1.2125, 0.0954562, 1.21375, -0.501973
1.215, 0.0942013, 1.21625, -0.560849
1.2175, 0.0927991, 1.21875, -0.618848
1.22, 0.091252, 1.22125, -0.675881
1.2225, 0.0895623, 1.22375, -0.731857
1.225, 0.0877327, 1.22625, -0.78669
1.2275, 0.0857659, 1.22875, -0.840294
1.23, 0.0836652, 1.23125, -0.892585
1.2325, 0.0814337, 1.23375, -0.943481
1.235, 0.079075, 1.23625, -0.992903
1.2375, 0.0765928, 1.23875, -1.04077
1.24, 0.0739909, 1.24125, -1.08702
1.2425, 0.0712733, 1.24375, -1.13156
1.245, 0.0684444, 1.24625, -1.17434
1.2475, 0.0655086, 1.24875, -1.21528
1.25, 0.0624703, 1.25125, -1.25433
1.2525, 0.0593345, 1.25375, -1.29141
1.255, 0.056106, 1.25625, -1.32648
1.2575, 0.0527898, 1.25875, -1.35947
1.26, 0.0493911, 1.26125, -1.39034
1.2625, 0.0459153, 1.26375, -1.41904
1.265, 0.0423677, 1.26625, -1.44552
1.2675, 0.0387539, 1.26875, -1.46974
1.27, 0.0350795, 1.27125, -1.49166
1.2725, 0.0313504, 1.27375, -1.51126
1.275, 0.0275722, 1.27625, -1.52849
1.2775, 0.023751, 1.27875, -1.54333
1.28, 0.0198927, 1.28125, -1.55577
1.2825, 0.0160032, 1.28375, -1.56577
1.285, 0.0120888, 1.28625, -1.57333
1.2875, 0.00815551, 1.28875, -1.57842
1.29, 0.00420945, 1.29125, -1.58105
1.2925, 0.000256817, 1.29375, -1.58121
1.295, -0.00369622, 1.29625, -1.5789
1.2975, -0.00764348, 1.29875, -1.57413
1.3, -0.0115788, 1.30125, -1.56689
1.3025, -0.015496, 1.30375, -1.5572
1.305, -0.019389, 1.30625, -1.54509
1.3075, -0.0232517, 1.30875, -1.53055
1.31, -0.0270781, 1.31125, -1.51363
1.3125, -0.0308622, 1.31375, -1.49434
1.315, -0.0345981, 1.31625, -1.47272
1.3175, -0.0382799, 1.31875, -1.44879
1.32, -0.0419018, 1.32125, -1.4226
1.3225, -0.0454583, 1.32375, -1.39419
1.325, -0.0489438, 1.32625, -1.3636
1.3275, -0.0523528, 1.32875, -1.33088
1.33, -0.05568, 1.33125, -1.29608
1.3325, -0.0589203, 1.33375, -1.25926
1.335, -0.0620684, 1.33625, -1.22046
1.3375, -0.0651196, 1.33875, -1.17976
1.34, -0.068069, 1.34125, -1.13722
1.3425, -0.070912, 1.34375, -1.0929
1.345, -0.0736443, 1.34625, -1.04687
1.3475, -0.0762615, 1.34875, -0.999211
1.35, -0.0787595, 1.35125, -0.949986
1.3525, -0.0811345, 1.35375, -0.899277
1.355, -0.0833826, 1.35625, -0.847163
1.3575, -0.0855005, 1.35875, -0.793725
1.36, -0.0874849, 1.36125, -0.739047
1.3625, -0.0893325, 1.36375, -0.683214
1.365, -0.0910405, 1.36625, -0.626314
1.3675, -0.0926063, 1.36875, -0.568435
1.37, -0.0940274, 1.37125, -0.509668
1.3725, -0.0953016, 1.37375, -0.450104
1.375, -0.0964268, 1.37625, -0.389837
1.3775, -0.0974014, 1.37875, -0.328961
1.38, -0.0982238, 1.38125, -0.267572
1.3825, -0.0988927, 1.38375, -0.205764
1.385, -0.0994071, 1.38625, -0.143634
1.3875, -0.0997662, 1.38875, -0.0812803
1.39, -0.0999694, 1.39125, -0.0187994
1.3925, -0.100016, 1.39375, 0.0437109
1.395, -0.0999072, 1.39625, 0.106153
1.3975, -0.0996418, 1.39875, 0.168429
1.4, -0.0992207, 1.40125, 0.230442
1.4025, -0.0986446, 1.40375, 0.292095
1.405, -0.0979144, 1.40625, 0.353291
1.4075, -0.0970311, 1.40875, 0.413936
1.41, -0.0959963, 1.41125, 0.473933
1.4125, -0.0948115, 1.41375, 0.533191
1.415, -0.0934785, 1.41625, 0.591615
1.4175, -0.0919994, 1.41875, 0.649114
1.42, -0.0903767, 1.42125, 0.7056
1.4225, -0.0886127, 1.42375, 0.760983
1.425, -0.0867102, 1.42625, 0.815176
1.4275, -0.0846723, 1.42875, 0.868097
1.43, -0.082502, 1.43125, 0.91966
1.4325, -0.0802029, 1.43375, 0.969787
1.435, -0.0777784, 1.43625, 1.0184
1.4375, -0.0752324, 1.43875, 1.06542
1.44, -0.0725689, 1.44125, 1.11077
1.4425, -0.0697919, 1.44375, 1.15439
1.445, -0.0669059, 1.44625, 1.19621
1.4475, -0.0639154, 1.44875, 1.23616
1.45, -0.060825, 1.45125, 1.27417
1.4525, -0.0576396, 1.45375, 1.3102
1.455, -0.0543641, 1.45625, 1.34418
1.4575, -0.0510036, 1.45875, 1.37605
1.46, -0.0475635, 1.46125, 1.40578
1.4625, -0.0440491, 1.46375, 1.43331
1.465, -0.0404658, 1.46625, 1.4586
1.4675, -0.0368193, 1.46875, 1.48161
1.47, -0.0331152, 1.47125, 1.50231
1.4725, -0.0293595, 1.47375, 1.52066
1.475, -0.0255578, 1.47625, 1.53663
1.4775, -0.0217162, 1.47875, 1.55021
1.48, -0.0178407, 1.48125, 1.56136
1.4825, -0.0139373, 1.48375, 1.57007
1.485, -0.0100122, 1.48625, 1.57633
1.4875, -0.00607134, 1.48875, 1.58012
1.49, -0.00212104, 1.49125, 1.58145
1.4925, 0.00183258, 1.49375, 1.5803
1.495, 0.00578333, 1.49625, 1.57669
1.4975, 0.00972505, 1.49875, 1.57061
1.5, 0.0136516, 1.50125, 1.56208
1.5025, 0.0175568, 1.50375, 1.5511
1.505, 0.0214345, 1.50625, 1.53771
1.5075, 0.0252788, 1.50875, 1.52191
1.51, 0.0290835, 1.51125, 1.50373
1.5125, 0.0328429, 1.51375, 1.4832
1.515, 0.0365509, 1.51625, 1.46036
1.5175, 0.0402018, 1.51875, 1.43523
1.52, 0.0437899, 1.52125, 1.40786
1.5225, 0.0473095, 1.52375, 1.3783
1.525, 0.0507553, 1.52625, 1.34657
1.5275, 0.0541217, 1.52875, 1.31275
1.53, 0.0574036, 1.53125, 1.27687
1.5325, 0.0605957, 1.53375, 1.239
1.535, 0.0636932, 1.53625, 1.19919
1.5375, 0.0666912, 1.53875, 1.15751
1.54, 0.069585, 1.54125, 1.11402
1.5425, 0.07237, 1.54375, 1.06879
1.545, 0.075042, 1.54625, 1.02188
1.5475, 0.0775967, 1.54875, 0.973387
1.55, 0.0800302, 1.55125, 0.923368
1.5525, 0.0823386, 1.55375, 0.871906
1.555, 0.0845183, 1.55625, 0.819082
1.5575, 0.086566, 1.55875, 0.764978
1.56, 0.0884785, 1.56125, 0.709679
1.5625, 0.0902527, 1.56375, 0.653271
1.565, 0.0918859, 1.56625, 0.595843
1.5675, 0.0933755, 1.56875, 0.537483
1.57, 0.0947192, 1.57125, 0.478284
1.5725, 0.0959149, 1.57375, 0.418337
1.575, 0.0969607, 1.57625, 0.357736
1.5775, 0.0978551, 1.57875, 0.296577
1.58, 0.0985965, 1.58125, 0.234954
1.5825, 0.0991839, 1.58375, 0.172964
1.585, 0.0996163, 1.58625, 0.110704
1.5875, 0.0998931, 1.58875, 0.0482707
1.59, 0.100014, 1.59125, -0.0142379
1.5925, 0.0999781, 1.59375, -0.0767242
1.595, 0.0997863, 1.59625, -0.139091
1.5975, 0.0994386, 1.59875, -0.20124
1.6, 0.0989355, 1.60125, -0.263075
1.6025, 0.0982778, 1.60375, -0.324498
1.605, 0.0974666, 1.60625, -0.385415
1.6075, 0.096503, 1.60875, -0.445729
1.61, 0.0953887, 1.61125, -0.505347
1.6125, 0.0941254, 1.61375, -0.564175
1.615, 0.0927149, 1.61625, -0.622122
1.6175, 0.0911596, 1.61875, -0.679097
1.62, 0.0894619, 1.62125, -0.735011
1.6225, 0.0876243, 1.62375, -0.789776
1.625, 0.0856499, 1.62625, -0.843307
1.6275, 0.0835416, 1.62875, -0.895521
1.63, 0.0813028, 1.63125, -0.946335
1.6325, 0.078937, 1.63375, -0.995671
1.635, 0.0764478, 1.63625, -1.04345
1.6375, 0.0738392, 1.63875, -1.0896
1.64, 0.0711152, 1.64125, -1.13405
1.6425, 0.0682801, 1.64375, -1.17672
1.645, 0.0653383, 1.64625, -1.21756
1.6475, 0.0622944, 1.64875, -1.25649
1.65, 0.0591531, 1.65125, -1.29346
1.6525, 0.0559195, 1.65375, -1.32841
1.655, 0.0525985, 1.65625, -1.36129
1.6575, 0.0491952, 1.65875, -1.39203
1.66, 0.0457152, 1.66125, -1.42061
1.6625, 0.0421636, 1.66375, -1.44696
1.665, 0.0385462, 1.66625, -1.47105
1.6675, 0.0348686, 1.66875, -1.49284
1.67, 0.0311365, 1.67125, -1.5123
1.6725, 0.0273558, 1.67375, -1.5294
1.675, 0.0235323, 1.67625, -1.54411
1.6775, 0.019672, 1.67875, -1.5564
1.68, 0.015781, 1.68125, -1.56627
1.6825, 0.0118653, 1.68375, -1.57368
1.685, 0.00793111, 1.68625, -1.57864
1.6875, 0.00398452, 1.68875, -1.58113
1.69, 3.16941e-05, 1.69125, -1.58115
1.6925, -0.00392118, 1.69375, -1.5787
1.695, -0.00786792, 1.69625, -1.57378
1.6975, -0.0118024, 1.69875, -1.5664
1.7, -0.0157184, 1.70125, -1.55658
1.7025, -0.0196098, 1.70375, -1.54432
1.705, -0.0234706, 1.70625, -1.52965
1.7075, -0.0272948, 1.70875, -1.5126
1.71, -0.0310763, 1.71125, -1.49317
1.7125, -0.0348092, 1.71375, -1.47142
1.715, -0.0384877, 1.71625, -1.44736
1.7175, -0.0421061, 1.71875, -1.42105
1.72, -0.0456588, 1.72125, -1.39251
1.7225, -0.04914, 1.72375, -1.3618
1.725, -0.0525445, 1.72625, -1.32896
1.7275, -0.0558669, 1.72875, -1.29404
1.73, -0.059102, 1.73125, -1.2571
1.7325, -0.0622448, 1.73375, -1.2182
1.735, -0.0652903, 1.73625, -1.17739
1.7375, -0.0682337, 1.73875, -1.13475
1.74, -0.0710706, 1.74125, -1.09033
1.7425, -0.0737964, 1.74375, -1.0442
1.745, -0.0764069, 1.74625, -0.996449
1.7475, -0.0788981, 1.74875, -0.947138
1.75, -0.0812659, 1.75125, -0.896347
1.7525, -0.0835068, 1.75375, -0.844155
1.755, -0.0856171, 1.75625, -0.790644
1.7575, -0.0875938, 1.75875, -0.735898
1.76, -0.0894335, 1.76125, -0.680002
1.7625, -0.0911335, 1.76375, -0.623044
1.765, -0.0926911, 1.76625, -0.565112
1.7675, -0.0941039, 1.76875, -0.506297
1.77, -0.0953696, 1.77125, -0.446691
1.7725, -0.0964864, 1.77375, -0.386387
1.775, -0.0974523, 1.77625, -0.325479
1.7775, -0.098266, 1.77875, -0.264063
1.78, -0.0989262, 1.78125, -0.202234
1.7825, -0.0994318, 1.78375, -0.140089
1.785, -0.099782, 1.78625, -0.0777253
1.7875, -0.0999763, 1.78875, -0.0152401
1.79, -0.100014, 1.79125, 0.0472689
1.7925, -0.0998962, 1.79375, 0.109704
1.795, -0.099622, 1.79625, 0.171968
1.7975, -0.0991921, 1.79875, 0.233963
1.8, -0.0986071, 1.80125, 0.295592
1.8025, -0.0978682, 1.80375, 0.35676
1.805, -0.0969763, 1.80625, 0.41737
1.8075, -0.0959328, 1.80875, 0.477328
1.81, -0.0947395, 1.81125, 0.53654
1.8125, -0.0933982, 1.81375, 0.594914
1.815, -0.0919109, 1.81625, 0.652358
1.8175, -0.09028, 1.81875, 0.708783
1.82, -0.088508, 1.82125, 0.764101
1.8225, -0.0865978, 1.82375, 0.818225
1.825, -0.0845522, 1.82625, 0.87107
1.8275, -0.0823745, 1.82875, 0.922554
1.83, -0.0800682, 1.83125, 0.972596
1.8325, -0.0776367, 1.83375, 1.02112
1.835, -0.0750839, 1.83625, 1.06805
1.8375, -0.0724138, 1.83875, 1.11331
1.84, -0.0696305, 1.84125, 1.15682
1.8425, -0.0667384, 1.84375, 1.19854
1.845, -0.0637421, 1.84625, 1.23837
1.8475, -0.0606462, 1.84875, 1.27628
1.85, -0.0574555, 1.85125, 1.31219
1.8525, -0.054175, 1.85375, 1.34605
1.855, -0.0508099, 1.85625, 1.3778
1.8575, -0.0473654, 1.85875, 1.40741
1.86, -0.0438468, 1.86125, 1.43481
1.8625, -0.0402598, 1.86375, 1.45997
1.865, -0.0366099, 1.86625, 1.48285
1.8675, -0.0329027, 1.86875, 1.50342
1.87, -0.0291442, 1.87125, 1.52163
1.8725, -0.0253401, 1.87375, 1.53747
1.875, -0.0214964, 1.87625, 1.55091
1.8775, -0.0176192, 1.87875, 1.56192
1.88, -0.0137144, 1.88125, 1.57049
1.8825, -0.00978813, 1.88375, 1.57661
1.885, -0.00584661, 1.88625, 1.58026
1.8875, -0.00189596, 1.88875, 1.58145
1.89, 0.00205766, 1.89125, 1.58016
1.8925, 0.00600806, 1.89375, 1.57641
1.895, 0.00994908, 1.89625, 1.57019
1.8975, 0.0138745, 1.89875, 1.56152
1.9, 0.0177783, 1.90125, 1.5504
1.9025, 0.0216544, 1.90375, 1.53687
1.905, 0.0254965, 1.90625, 1.52094
1.9075, 0.0292989, 1.90875, 1.50262
1.91, 0.0330554, 1.91125, 1.48196
1.9125, 0.0367603, 1.91375, 1.45899
1.915, 0.0404078, 1.91625, 1.43373
1.9175, 0.0439921, 1.91875, 1.40624
1.92, 0.0475077, 1.92125, 1.37655
1.9225, 0.0509491, 1.92375, 1.3447
1.925, 0.0543109, 1.92625, 1.31076
1.9275, 0.0575878, 1.92875, 1.27477
1.93, 0.0607747, 1.93125, 1.23678
1.9325, 0.0638666, 1.93375, 1.19687
1.935, 0.0668588, 1.93625, 1.15508
1.9375, 0.0697465, 1.93875, 1.11149
1.94, 0.0725252, 1.94125, 1.06616
1.9425, 0.0751906, 1.94375, 1.01917
1.945, 0.0777385, 1.94625, 0.970579
1.9475, 0.080165, 1.94875, 0.920476
1.95, 0.0824662, 1.95125, 0.868934
1.9525, 0.0846385, 1.95375, 0.816035
1.955, 0.0866786, 1.95625, 0.761861
1.9575, 0.0885832, 1.95875, 0.706496
1.96, 0.0903495, 1.96125, 0.650028
1.9625, 0.0919746, 1.96375, 0.592544
1.965, 0.0934559, 1.96625, 0.534134
1.9675, 0.0947913, 1.96875, 0.474889
1.97, 0.0959785, 1.97125, 0.414903
1.9725, 0.0970157, 1.97375, 0.354268
1.975, 0.0979014, 1.97625, 0.29308
1.9775, 0.0986341, 1.97875, 0.231433
1.98, 0.0992127, 1.98125, 0.169425
1.9825, 0.0996363, 1.98375, 0.107153
1.985, 0.0999041, 1.98625, 0.0447127
1.9875, 0.100016, 1.98875, -0.0177972
1.99, 0.0999714, 1.99125, -0.0802793
1.9925, 0.0997707, 1.99375, -0.142636
1.995, 0.0994141, 1.99625, -0.20477
1.9975, 0.0989022, 1.99875, -0.266584
2, 0.0982357, 2.00125, -0.327981
2.0025, 0.0974158, 2.00375, -0.388866
2.005, 0.0964436, 2.00625, -0.449143
2.0075, 0.0953208, 2.00875, -0.508719
2.01, 0.094049, 2.01125, -0.567499
2.0125, 0.0926302, 2.01375, -0.625393
2.015, 0.0910667, 2.01625, -0.68231
2.0175, 0.089361, 2.01875, -0.738161
2.02, 0.0875156, 2.02125, -0.792858
2.0225, 0.0855334, 2.02375, -0.846316
2.025, 0.0834176, 2.02625, -0.898452
2.0275, 0.0811715, 2.02875, -0.949184
2.03, 0.0787985, 2.03125, -0.998433
2.0325, 0.0763025, 2.03375, -1.04612
2.035, 0.0736872, 2.03625, -1.09218
2.0375, 0.0709567, 2.03875, -1.13652
2.04, 0.0681154, 2.04125, -1.1791
2.0425, 0.0651677, 2.04375, -1.21983
2.045, 0.0621181, 2.04625, -1.25865
2.0475, 0.0589715, 2.04875, -1.29551
2.05, 0.0557327, 2.05125, -1.33034
2.0525, 0.0524068, 2.05375, -1.36309
2.055, 0.0489991, 2.05625, -1.39372
2.0575, 0.0455148, 2.05875, -1.42217
2.06, 0.0419594, 2.06125, -1.44839
2.0625, 0.0383384, 2.06375, -1.47235
2.065, 0.0346575, 2.06625, -1.49401
2.0675, 0.0309225, 2.06875, -1.51334
2.07, 0.0271391, 2.07125, -1.5303
2.0725, 0.0233134, 2.07375, -1.54487
2.075, 0.0194512, 2.07625, -1.55703
2.0775, 0.0155586, 2.07875, -1.56675
2.08, 0.0116418, 2.08125, -1.57403
2.0825, 0.00770668, 2.08375, -1.57885
2.085, 0.00375956, 2.08625, -1.5812
2.0875, -0.000193429, 2.08875, -1.58108
2.09, -0.00414612, 2.09125, -1.57848
2.0925, -0.00809233, 2.09375, -1.57343
2.095, -0.0120259, 2.09625, -1.56591
2.0975, -0.0159407, 2.09875, -1.55595
2.1, -0.0198305, 2.10125, -1.54355
2.1025, -0.0236894, 2.10375, -1.52875
2.105, -0.0275113, 2.10625, -1.51155
2.1075, -0.0312902, 2.10875, -1.492
2.11, -0.0350202, 2.11125, -1.47011
2.1125, -0.0386954, 2.11375, -1.44592
2.115, -0.0423102, 2.11625, -1.41948
2.1175, -0.0458589, 2.11875, -1.39082
2.12, -0.049336, 2.12125, -1.35998
2.1225, -0.0527359, 2.12375, -1.32702
2.125, -0.0560535, 2.12625, -1.29199
2.1275, -0.0592835, 2.12875, -1.25494
2.13, -0.0624208, 2.13125, -1.21592
2.1325, -0.0654606, 2.13375, -1.17501
2.135, -0.0683982, 2.13625, -1.13226
2.1375, -0.0712288, 2.13875, -1.08775
2.14, -0.0739482, 2.14125, -1.04153
2.1425, -0.076552, 2.14375, -0.993682
2.145, -0.0790362, 2.14625, -0.944285
2.1475, -0.0813969, 2.14875, -0.893412
2.15, -0.0836305, 2.15125, -0.841143
2.1525, -0.0857333, 2.15375, -0.787559
2.155, -0.0877022, 2.15625, -0.732745
2.1575, -0.0895341, 2.15875, -0.676787
2.16, -0.091226, 2.16125, -0.61977
2.1625, -0.0927755, 2.16375, -0.561786
2.165, -0.0941799, 2.16625, -0.502923
2.1675, -0.0954372, 2.16875, -0.443275
2.17, -0.0965454, 2.17125, -0.382934
2.1725, -0.0975028, 2.17375, -0.321995
2.175, -0.0983077, 2.17625, -0.260553
2.1775, -0.0989591, 2.17875, -0.198703
2.18, -0.0994559, 2.18125, -0.136543
2.1825, -0.0997972, 2.18375, -0.0741699
2.185, -0.0999827, 2.18625, -0.0116807
2.1875, -0.100012, 2.18875, 0.0508267
2.19, -0.0998848, 2.19125, 0.113255
2.1925, -0.0996017, 2.19375, 0.175506
2.195, -0.0991629, 2.19625, 0.237483
2.1975, -0.0985692, 2.19875, 0.299088
2.2, -0.0978215, 2.20125, 0.360227
2.2025, -0.0969209, 2.20375, 0.420802
2.205, -0.0958689, 2.20625, 0.48072
2.2075, -0.0946671, 2.20875, 0.539887
2.21, -0.0933174, 2.21125, 0.598211
2.2125, -0.0918219, 2.21375, 0.655599
2.215, -0.0901829, 2.21625, 0.711964
2.2175, -0.088403, 2.21875, 0.767215
2.22, -0.0864849, 2.22125, 0.821269
2.2225, -0.0844317, 2.22375, 0.874038
2.225, -0.0822466, 2.22625, 0.925443
2.2275, -0.079933, 2.22875, 0.975401
2.23, -0.0774945, 2.23125, 1.02383
2.2325, -0.074935, 2.23375, 1.07067
2.235, -0.0722583, 2.23625, 1.11583
2.2375, -0.0694687, 2.23875, 1.15925
2.24, -0.0665706, 2.24125, 1.20086
2.2425, -0.0635684, 2.24375, 1.24059
2.245, -0.060467, 2.24625, 1.27838
2.2475, -0.057271, 2.24875, 1.31417
2.25, -0.0539856, 2.25125, 1.34791
2.2525, -0.0506158, 2.25375, 1.37955
2.255, -0.047167, 2.25625, 1.40903
2.2575, -0.0436444, 2.25875, 1.4363
2.26, -0.0400536, 2.26125, 1.46134
2.2625, -0.0364003, 2.26375, 1.48409
2.265, -0.0326901, 2.26625, 1.50452
2.2675, -0.0289288, 2.26875, 1.5226
2.27, -0.0251223, 2.27125, 1.5383
2.2725, -0.0212765, 2.27375, 1.5516
2.275, -0.0173975, 2.27625, 1.56247
2.2775, -0.0134913, 2.27875, 1.5709
2.28, -0.00956407, 2.28125, 1.57688
2.2825, -0.00562186, 2.28375, 1.5804
2.285, -0.00167087, 2.28625, 1.58144
2.2875, 0.00228273, 2.28875, 1.58001
2.29, 0.00623277, 2.29125, 1.57612
2.2925, 0.0101731, 2.29375, 1.56976
2.295, 0.0140975, 2.29625, 1.56095
2.2975, 0.0179998, 2.29875, 1.5497
2.3, 0.0218741, 2.30125, 1.53603
2.3025, 0.0257142, 2.30375, 1.51996
2.305, 0.029514, 2.30625, 1.50151
2.3075, 0.0332678, 2.30875, 1.48072
2.31, 0.0369696, 2.31125, 1.45761
2.3125, 0.0406136, 2.31375, 1.43223
2.315, 0.0441942, 2.31625, 1.40461
2.3175, 0.0477057, 2.31875, 1.37479
2.32, 0.0511427, 2.32125, 1.34283
2.3225, 0.0544998, 2.32375, 1.30876
2.325, 0.0577717, 2.32625, 1.27266
2.3275, 0.0609533, 2.32875, 1.23456
2.33, 0.0640397, 2.33125, 1.19454
2.3325, 0.0670261, 2.33375, 1.15265
2.335, 0.0699077, 2.33625, 1.10895
2.3375, 0.0726801, 2.33875, 1.06353
2.34, 0.0753389, 2.34125, 1.01644
2.3425, 0.07788, 2.34375, 0.967766
2.345, 0.0802994, 2.34625, 0.917579
2.3475, 0.0825933, 2.34875, 0.865958
2.35, 0.0847582, 2.35125, 0.812984
2.3525, 0.0867907, 2.35375, 0.75874
2.355, 0.0886876, 2.35625, 0.70331
2.3575, 0.0904458, 2.35875, 0.646781
2.36, 0.0920628, 2.36125, 0.589242
2.3625, 0.0935359, 2.36375, 0.530782
2.365, 0.0948628, 2.36625, 0.471493
2.3675, 0.0960416, 2.36875, 0.411467
2.37, 0.0970702, 2.37125, 0.350798
2.3725, 0.0979472, 2.37375, 0.289581
2.375, 0.0986712, 2.37625, 0.227912
2.3775, 0.099241, 2.37875, 0.165886
2.38, 0.0996557, 2.38125, 0.103601
2.3825, 0.0999147, 2.38375, 0.0411545
2.385, 0.100018, 2.38625, -0.0213564
2.3875, 0.0999642, 2.38875, -0.0838341
2.39, 0.0997546, 2.39125, -0.146181
2.3925, 0.0993891, 2.39375, -0.208299
2.395, 0.0988684, 2.39625, -0.270092
2.3975, 0.0981932, 2.39875, -0.331462
2.4, 0.0973645, 2.40125, -0.392315
2.4025, 0.0963837, 2.40375, -0.452555
2.405, 0.0952523, 2.40625, -0.512088
2.4075, 0.0939721, 2.40875, -0.57082
2.41, 0.0925451, 2.41125, -0.628661
2.4125, 0.0909734, 2.41375, -0.685519
2.415, 0.0892596, 2.41625, -0.741307
2.4175, 0.0874064, 2.41875, -0.795936
2.42, 0.0854165, 2.42125, -0.849321
2.4225, 0.0832932, 2.42375, -0.901379
2.425, 0.0810398, 2.42625, -0.952029
2.4275, 0.0786597, 2.42875, -1.00119
2.43, 0.0761567, 2.43125, -1.04879
2.4325, 0.0735347, 2.43375, -1.09475
2.435, 0.0707979, 2.43625, -1.139
2.4375, 0.0679504, 2.43875, -1.18147
2.44, 0.0649967, 2.44125, -1.22209
2.4425, 0.0619415, 2.44375, -1.2608
2.445, 0.0587895, 2.44625, -1.29755
2.4475, 0.0555456, 2.44875, -1.33226
2.45, 0.052215, 2.45125, -1.3649
2.4525, 0.0488027, 2.45375, -1.3954
2.455, 0.0453142, 2.45625, -1.42372
2.4575, 0.0417549, 2.45875, -1.44982
2.46, 0.0381304, 2.46125, -1.47365
2.4625, 0.0344463, 2.46375, -1.49518
2.465, 0.0307083, 2.46625, -1.51437
2.4675, 0.0269224, 2.46875, -1.5312
2.47, 0.0230944, 2.47125, -1.54563
2.4725, 0.0192303, 2.47375, -1.55765
2.475, 0.0153362, 2.47625, -1.56723
2.4775, 0.0114181, 2.47875, -1.57437
2.48, 0.0074822, 2.48125, -1.57905
2.4825, 0.00353459, 2.48375, -1.58126
2.485, -0.000418552, 2.48625, -1.58099
2.4875, -0.00437104, 2.48875, -1.57826
2.49, -0.00831669, 2.49125, -1.57306
2.4925, -0.0122494, 2.49375, -1.56541
2.495, -0.0161629, 2.49625, -1.55531
2.4975, -0.0200511, 2.49875, -1.54277
2.5, -0.0239081, 2.50125, -1.52783
2.5025, -0.0277277, 2.50375, -1.5105
2.505, -0.0315039, 2.50625, -1.49081
2.5075, -0.0352309, 2.50875, -1.46879
2.51, -0.0389029, 2.51125, -1.44448
2.5125, -0.0425141, 2.51375, -1.41791
2.515, -0.0460589, 2.51625, -1.38912
2.5175, -0.0495317, 2.51875, -1.35816
2.52, -0.0529271, 2.52125, -1.32508
2.5225, -0.0562398, 2.52375, -1.28993
2.525, -0.0594646, 2.52625, -1.25277
2.5275, -0.0625966, 2.52875, -1.21365
2.53, -0.0656307, 2.53125, -1.17263
2.5325, -0.0685623, 2.53375, -1.12978
2.535, -0.0713867, 2.53625, -1.08516
2.5375, -0.0740996, 2.53875, -1.03885
2.54, -0.0766967, 2.54125, -0.990911
2.5425, -0.079174, 2.54375, -0.941427
2.545, -0.0815275, 2.54625, -0.890472
2.5475, -0.0837537, 2.54875, -0.838126
2.55, -0.085849, 2.55125, -0.784471
2.5525, -0.0878102, 2.55375, -0.729589
2.555, -0.0896342, 2.55625, -0.673568
2.5575, -0.0913181, 2.55875, -0.616494
2.56, -0.0928593, 2.56125, -0.558457
2.5625, -0.0942555, 2.56375, -0.499547
2.565, -0.0955044, 2.56625, -0.439857
2.5675, -0.096604, 2.56875, -0.37948
2.57, -0.0975527, 2.57125, -0.318509
2.5725, -0.098349, 2.57375, -0.257041
2.575, -0.0989916, 2.57625, -0.195171
2.5775, -0.0994795, 2.57875, -0.132997
2.58, -0.099812, 2.58125, -0.0706141
2.5825, -0.0999885, 2.58375, -0.00812125
2.585, -0.100009, 2.58625, 0.0543843
2.5875, -0.0998729, 2.58875, 0.116805
2.59, -0.0995809, 2.59125, 0.179043
2.5925, -0.0991333, 2.59375, 0.241001
2.595, -0.0985308, 2.59625, 0.302583
2.5975, -0.0977743, 2.59875, 0.363692
2.6, -0.0968651, 2.60125, 0.424232
2.6025, -0.0958045, 2.60375, 0.48411
2.605, -0.0945942, 2.60625, 0.543232
2.6075, -0.0932361, 2.60875, 0.601504
2.61, -0.0917324, 2.61125, 0.658837
2.6125, -0.0900853, 2.61375, 0.71514
2.615, -0.0882974, 2.61625, 0.770326
2.6175, -0.0863716, 2.61875, 0.824308
2.62, -0.0843108, 2.62125, 0.877003
2.6225, -0.0821183, 2.62375, 0.928327
2.625, -0.0797975, 2.62625, 0.9782
2.6275, -0.077352, 2.62875, 1.02655
2.63, -0.0747857, 2.63125, 1.07329
2.6325, -0.0721024, 2.63375, 1.11835
2.635, -0.0693066, 2.63625, 1.16167
2.6375, -0.0664024, 2.63875, 1.20317
2.64, -0.0633945, 2.64125, 1.24279
2.6425, -0.0602875, 2.64375, 1.28047
2.645, -0.0570863, 2.64625, 1.31615
2.6475, -0.053796, 2.64875, 1.34977
2.65, -0.0504215, 2.65125, 1.38128
2.6525, -0.0469683, 2.65375, 1.41064
2.655, -0.0434417, 2.65625, 1.43779
2.6575, -0.0398472, 2.65875, 1.4627
2.66, -0.0361905, 2.66125, 1.48531
2.6625, -0.0324772, 2.66375, 1.50561
2.665, -0.0287132, 2.66625, 1.52356
2.6675, -0.0249043, 2.66875, 1.53912
2.67, -0.0210565, 2.67125, 1.55228
2.6725, -0.0171758, 2.67375, 1.56302
2.675, -0.0132682, 2.67625, 1.57131
2.6775, -0.00933995, 2.67875, 1.57715
2.68, -0.00539708, 2.68125, 1.58052
2.6825, -0.00144577, 2.68375, 1.58143
2.685, 0.00250779, 2.68625, 1.57986
2.6875, 0.00645744, 2.68875, 1.57582
2.69, 0.010397, 2.69125, 1.56932
2.6925, 0.0143203, 2.69375, 1.56037
2.695, 0.0182212, 2.69625, 1.54899
2.6975, 0.0220937, 2.69875, 1.53518
2.7, 0.0259316, 2.70125, 1.51897
2.7025, 0.0297291, 2.70375, 1.50039
2.705, 0.03348, 2.70625, 1.47946
2.7075, 0.0371787, 2.70875, 1.45623
2.71, 0.0408193, 2.71125, 1.43072
2.7125, 0.0443961, 2.71375, 1.40297
2.715, 0.0479035, 2.71625, 1.37303
2.7175, 0.051336, 2.71875, 1.34094
2.72, 0.0546884, 2.72125, 1.30676
2.7225, 0.0579553, 2.72375, 1.27054
2.725, 0.0611317, 2.72625, 1.23233
2.7275, 0.0642125, 2.72875, 1.1922
2.73, 0.067193, 2.73125, 1.15021
2.7325, 0.0700685, 2.73375, 1.10641
2.735, 0.0728345, 2.73625, 1.06089
2.7375, 0.0754868, 2.73875, 1.01371
2.74, 0.078021, 2.74125, 0.964948
2.7425, 0.0804334, 2.74375, 0.914677
2.745, 0.0827201, 2.74625, 0.862977
2.7475, 0.0848776, 2.74875, 0.809929
2.75, 0.0869024, 2.75125, 0.755615
2.7525, 0.0887914, 2.75375, 0.70012
2.755, 0.0905417, 2.75625, 0.643532
2.7575, 0.0921505, 2.75875, 0.585938
2.76, 0.0936154, 2.76125, 0.527428
2.7625, 0.094934, 2.76375, 0.468094
2.765, 0.0961042, 2.76625, 0.408029
2.7675, 0.0971243, 2.76875, 0.347326
2.77, 0.0979926, 2.77125, 0.286081
2.7725, 0.0987078, 2.77375, 0.224389
2.775, 0.0992688, 2.77625, 0.162346
2.7775, 0.0996746, 2.77875, 0.100049
2.78, 0.0999247, 2.78125, 0.0375961
2.7825, 0.100019, 2.78375, -0.0249156
2.785, 0.0999564, 2.78625, -0.0873884
2.7875, 0.099738, 2.78875, -0.149725
2.79, 0.0993637, 2.79125, -0.211827
2.7925, 0.0988341, 2.79375, -0.273598
2.795, 0.0981501, 2.79625, -0.334942
2.7975, 0.0973127, 2.79875, -0.395762
2.8, 0.0963233, 2.80125, -0.455965
2.8025, 0.0951834, 2.80375, -0.515454
2.805, 0.0938948, 2.80625, -0.574138
2.8075, 0.0924594, 2.80875, -0.631926
2.81, 0.0908796, 2.81125, -0.688725
2.8125, 0.0891578, 2.81375, -0.744449
2.815, 0.0872967, 2.81625, -0.799009
2.8175, 0.0852992, 2.81875, -0.852321
2.82, 0.0831684, 2.82125, -0.904302
2.8225, 0.0809076, 2.82375, -0.954869
2.825, 0.0785204, 2.82625, -1.00394
2.8275, 0.0760106, 2.82875, -1.05145
2.83, 0.073382, 2.83125, -1.09731
2.8325, 0.0706387, 2.83375, -1.14146
2.835, 0.067785, 2.83625, -1.18383
2.8375, 0.0648254, 2.83875, -1.22435
2.84, 0.0617646, 2.84125, -1.26295
2.8425, 0.0586072, 2.84375, -1.29958
2.845, 0.0553583, 2.84625, -1.33418
2.8475, 0.0520228, 2.84875, -1.36669
2.85, 0.0486061, 2.85125, -1.39707
2.8525, 0.0451134, 2.85375, -1.42527
2.855, 0.0415503, 2.85625, -1.45123
2.8575, 0.0379222, 2.85875, -1.47494
2.86, 0.0342348, 2.86125, -1.49633
2.8625, 0.030494, 2.86375, -1.51539
2.865, 0.0267055, 2.86625, -1.53208
2.8675, 0.0228753, 2.86875, -1.54638
2.87, 0.0190094, 2.87125, -1.55826
2.8725, 0.0151137, 2.87375, -1.56771
2.875, 0.0111944, 2.87625, -1.5747
2.8775, 0.00725769, 2.87875, -1.57924
2.88, 0.0033096, 2.88125, -1.58131
2.8825, -0.000643672, 2.88375, -1.5809
2.885, -0.00459593, 2.88625, -1.57803
2.8875, -0.00854102, 2.88875, -1.57269
2.89, -0.0124728, 2.89125, -1.5649
2.8925, -0.016385, 2.89375, -1.55466
2.895, -0.0202716, 2.89625, -1.54199
2.8975, -0.0241266, 2.89875, -1.52691
2.9, -0.0279439, 2.90125, -1.50944
2.9025, -0.0317175, 2.90375, -1.48962
2.905, -0.0354416, 2.90625, -1.46747
2.9075, -0.0391102, 2.90875, -1.44303
2.91, -0.0427178, 2.91125, -1.41633
2.9125, -0.0462586, 2.91375, -1.38742
2.915, -0.0497272, 2.91625, -1.35634
2.9175, -0.053118, 2.91875, -1.32314
2.92, -0.0564258, 2.92125, -1.28787
2.9225, -0.0596455, 2.92375, -1.25059
2.925, -0.062772, 2.92625, -1.21136
2.9275, -0.0658004, 2.92875, -1.17024
2.93, -0.068726, 2.93125, -1.12728
2.9325, -0.0715442, 2.93375, -1.08257
2.935, -0.0742506, 2.93625, -1.03616
2.9375, -0.076841, 2.93875, -0.988134
2.94, -0.0793113, 2.94125, -0.938565
2.9425, -0.0816578, 2.94375, -0.887528
2.945, -0.0838766, 2.94625, -0.835106
2.9475, -0.0859643, 2.94875, -0.781378
2.95, -0.0879178, 2.95125, -0.726429
2.9525, -0.0897339, 2.95375, -0.670346
2.955, -0.0914097, 2.95625, -0.613215
2.9575, -0.0929428, 2.95875, -0.555125
2.96, -0.0943306, 2.96125, -0.496169
2.9625, -0.095571, 2.96375, -0.436437
2.965, -0.0966621, 2.96625, -0.376023
2.9675, -0.0976021, 2.96875, -0.315022
2.97, -0.0983897, 2.97125, -0.253528
2.9725, -0.0990235, 2.97375, -0.191638
2.975, -0.0995026, 2.97625, -0.129449
2.9775, -0.0998262, 2.97875, -0.0670579
2.98, -0.0999939, 2.98125, -0.00456177
2.9825, -0.100005, 2.98375, 0.0579415
2.985, -0.0998604, 2.98625, 0.120354
2.9875, -0.0995595, 2.98875, 0.182579
2.99, -0.0991031, 2.99125, 0.244518
2.9925, -0.0984918, 2.99375, 0.306076
2.995, -0.0977266, 2.99625, 0.367155
2.9975, -0.0968087, 2.99875, 0.42766
3, -0.0957396, 3.00125, 0.487498
3.0025, -0.0945208, 3.00375, 0.546573
3.005, -0.0931544, 3.00625, 0.604795
3.0075, -0.0916424, 3.00875, 0.662071
3.01, -0.0899872, 3.01125, 0.718313
3.0125, -0.0881914, 3.01375, 0.773433
3.015, -0.0862579, 3.01625, 0.827344
3.0175, -0.0841895, 3.01875, 0.879962
3.02, -0.0819896, 3.02125, 0.931206
3.0225, -0.0796616, 3.02375, 0.980994
3.025, -0.0772091, 3.02625, 1.02925
3.0275, -0.074636, 3.02875, 1.0759
3.03, -0.0719462, 3.03125, 1.12086
3.0325, -0.0691441, 3.03375, 1.16408
3.035, -0.0662339, 3.03625, 1.20548
3.0375, -0.0632202, 3.03875, 1.24499
3.04, -0.0601077, 3.04125, 1.28256
3.0425, -0.0569013, 3.04375, 1.31812
3.045, -0.053606, 3.04625, 1.35162
3.0475, -0.050227, 3.04875, 1.38301
3.05, -0.0467694, 3.05125, 1.41225
3.0525, -0.0432388, 3.05375, 1.43927
3.055, -0.0396407, 3.05625, 1.46404
3.0575, -0.0359805, 3.05875, 1.48653
3.06, -0.0322642, 3.06125, 1.5067
3.0625, -0.0284975, 3.06375, 1.52451
3.065, -0.0246862, 3.06625, 1.53994
3.0675, -0.0208364, 3.06875, 1.55296
3.07, -0.016954, 3.07125, 1.56356
3.0725, -0.0130451, 3.07375, 1.57171
3.075, -0.00911579, 3.07625, 1.57741
3.0775, -0.00517227, 3.07875, 1.58064
3.08, -0.00122067, 3.08125, 1.5814
3.0825, 0.00273284, 3.08375, 1.57969
3.085, 0.00668207, 3.08625, 1.57552
3.0875, 0.0106209, 3.08875, 1.56888
3.09, 0.0145431, 3.09125, 1.55979
3.0925, 0.0184425, 3.09375, 1.54826
3.095, 0.0223132, 3.09625, 1.53432
3.0975, 0.026149, 3.09875, 1.51798
3.1, 0.0299439, 3.10125, 1.49926
3.1025, 0.0336921, 3.10375, 1.4782
3.105, 0.0373876, 3.10625, 1.45484
3.1075, 0.0410247, 3.10875, 1.4292
3.11, 0.0445977, 3.11125, 1.40132
3.1125, 0.048101, 3.11375, 1.37126
3.115, 0.0515291, 3.11625, 1.33905
3.1175, 0.0548768, 3.11875, 1.30475
3.12, 0.0581386, 3.12125, 1.26842
3.1225, 0.0613097, 3.12375, 1.2301
3.125, 0.0643849, 3.12625, 1.18986
3.1275, 0.0673596, 3.12875, 1.14776
3.13, 0.070229, 3.13125, 1.10387
3.1325, 0.0729886, 3.13375, 1.05825
3.135, 0.0756343, 3.13625, 1.01098
3.1375, 0.0781617, 3.13875, 0.962126
3.14, 0.080567, 3.14125, 0.911771
3.1425, 0.0828465, 3.14375, 0.859992
3.145, 0.0849964, 3.14625, 0.80687
3.1475, 0.0870136, 3.14875, 0.752486
3.15, 0.0888948, 3.15125, 0.696927
3.1525, 0.0906371, 3.15375, 0.640279
3.155, 0.0922378, 3.15625, 0.58263
3.1575, 0.0936944, 3.15875, 0.524071
3.16, 0.0950046, 3.16125, 0.464693
3.1625, 0.0961663, 3.16375, 0.404589
3.165, 0.0971778, 3.16625, 0.343853
3.1675, 0.0980374, 3.16875, 0.28258
3.17, 0.0987439, 3.17125, 0.220865
3.1725, 0.099296, 3.17375, 0.158805
3.175, 0.099693, 3.17625, 0.0964965
3.1775, 0.0999343, 3.17875, 0.0340375
3.18, 0.100019, 3.18125, -0.0284746
3.1825, 0.0999482, 3.18375, -0.0909422
3.185, 0.0997208, 3.18625, -0.153268
3.1875, 0.0993377, 3.18875, -0.215354
3.19, 0.0987993, 3.19125, -0.277103
3.1925, 0.0981065, 3.19375, -0.33842
3.195, 0.0972605, 3.19625, -0.399208
3.1975, 0.0962625, 3.19875, -0.459372
3.2, 0.095114, 3.20125, -0.518818
3.2025, 0.093817, 3.20375, -0.577454
3.205, 0.0923734, 3.20625, -0.635187
3.2075, 0.0907854, 3.20875, -0.691928
3.21, 0.0890556, 3.21125, -0.747588
3.2125, 0.0871866, 3.21375, -0.802079
3.215, 0.0851814, 3.21625, -0.855318
3.2175, 0.0830431, 3.21875, -0.90722
3.22, 0.0807751, 3.22125, -0.957704
3.2225, 0.0783808, 3.22375, -1.00669
3.225, 0.0758641, 3.22625, -1.05411
3.2275, 0.0732288, 3.22875, -1.09987
3.23, 0.0704791, 3.23125, -1.14392
3.2325, 0.0676193, 3.23375, -1.18619
3.235, 0.0646538, 3.23625, -1.2266
3.2375, 0.0615873, 3.23875, -1.26509
3.24, 0.0584246, 3.24125, -1.3016
3.2425, 0.0551706, 3.24375, -1.33608
3.245, 0.0518304, 3.24625, -1.36848
3.2475, 0.0484092, 3.24875, -1.39873
3.25, 0.0449124, 3.25125, -1.4268
3.2525, 0.0413454, 3.25375, -1.45265
3.255, 0.0377138, 3.25625, -1.47622
3.2575, 0.0340232, 3.25875, -1.49748
3.26, 0.0302795, 3.26125, -1.51641
3.2625, 0.0264885, 3.26375, -1.53296
3.265, 0.0226561, 3.26625, -1.54712
3.2675, 0.0187883, 3.26875, -1.55886
3.27, 0.0148911, 3.27125, -1.56817
3.2725, 0.0109707, 3.27375, -1.57503
3.275, 0.00703314, 3.27625, -1.57942
3.2775, 0.00308459, 3.27875, -1.58135
3.28, -0.000868789, 3.28125, -1.58081
3.2825, -0.00482081, 3.28375, -1.57779
3.285, -0.0087653, 3.28625, -1.57232
3.2875, -0.0126961, 3.28875, -1.56438
3.29, -0.016607, 3.29125, -1.554
3.2925, -0.020492, 3.29375, -1.54119
3.295, -0.024345, 3.29625, -1.52598
3.2975, -0.02816, 3.29875, -1.50838
3.3, -0.0319309, 3.30125, -1.48842
3.3025, -0.035652, 3.30375, -1.46614
3.305, -0.0393173, 3.30625, -1.44157
3.3075, -0.0429212, 3.30875, -1.41474
3.31, -0.0464581, 3.31125, -1.3857
3.3125, -0.0499224, 3.31375, -1.3545
3.315, -0.0533086, 3.31625, -1.32118
3.3175, -0.0566116, 3.31875, -1.2858
3.32, -0.0598261, 3.32125, -1.24841
3.3225, -0.0629471, 3.32375, -1.20907
3.325, -0.0659698, 3.32625, -1.16784
3.3275, -0.0688894, 3.32875, -1.12478
3.33, -0.0717013, 3.33125, -1.07997
3.3325, -0.0744013, 3.33375, -1.03347
3.335, -0.0769849, 3.33625, -0.985353
3.3375, -0.0794483, 3.33875, -0.935697
3.34, -0.0817875, 3.34125, -0.88458
3.3425, -0.083999, 3.34375, -0.832081
3.345, -0.0860792, 3.34625, -0.778281
3.3475, -0.0880249, 3.34875, -0.723266
3.35, -0.0898331, 3.35125, -0.66712
3.3525, -0.0915009, 3.35375, -0.609932
3.355, -0.0930257, 3.35625, -0.551791
3.3575, -0.0944052, 3.35875, -0.492788
3.36, -0.0956371, 3.36125, -0.433014
3.3625, -0.0967197, 3.36375, -0.372565
3.365, -0.0976511, 3.36625, -0.311533
3.3675, -0.0984299, 3.36875, -0.250014
3.37, -0.099055, 3.37125, -0.188105
3.3725, -0.0995252, 3.37375, -0.125901
3.375, -0.09984, 3.37625, -0.0635015
3.3775, -0.0999987, 3.37875, -0.00100226
3.38, -0.100001, 3.38125, 0.0614985
3.3825, -0.0998475, 3.38375, 0.123903
3.385, -0.0995377, 3.38625, 0.186114
3.3875, -0.0990724, 3.38875, 0.248035
3.39, -0.0984524, 3.39125, 0.309567
3.3925, -0.0976784, 3.39375, 0.370616
3.395, -0.0967519, 3.39625, 0.431086
3.3975, -0.0956742, 3.39875, 0.490883
3.4, -0.094447, 3.40125, 0.549912
3.4025, -0.0930722, 3.40375, 0.608082
3.405, -0.091552, 3.40625, 0.665302
3.4075, -0.0898887, 3.40875, 0.721483
3.41, -0.088085, 3.41125, 0.776536
3.4125, -0.0861437, 3.41375, 0.830375
3.415, -0.0840678, 3.41625, 0.882918
3.4175, -0.0818605, 3.41875, 0.934081
3.42, -0.0795253, 3.42125, 0.983784
3.4225, -0.0770658, 3.42375, 1.03195
3.425, -0.0744859, 3.42625, 1.0785
3.4275, -0.0717897, 3.42875, 1.12337
3.43, -0.0689812, 3.43125, 1.16649
3.4325, -0.066065, 3.43375, 1.20778
3.435, -0.0630456, 3.43625, 1.24718
3.4375, -0.0599276, 3.43875, 1.28463
3.44, -0.056716, 3.44125, 1.32008
3.4425, -0.0534158, 3.44375, 1.35347
3.445, -0.0500322, 3.44625, 1.38474
3.4475, -0.0465703, 3.44875, 1.41384
3.45, -0.0430357, 3.45125, 1.44074
3.4525, -0.0394339, 3.45375, 1.46539
3.455, -0.0357704, 3.45625, 1.48774
3.4575, -0.032051, 3.45875, 1.50778
3.46, -0.0282816, 3.46125, 1.52545
3.4625, -0.024468, 3.46375, 1.54074
3.465, -0.0206161, 3.46625, 1.55363
3.4675, -0.016732, 3.46875, 1.56409
3.47, -0.0128218, 3.47125, 1.5721
3.4725, -0.00889158, 3.47375, 1.57766
3.475, -0.00494743, 3.47625, 1.58075
3.4775, -0.00099556, 3.47875, 1.58137
3.48, 0.00295787, 3.48125, 1.57952
3.4825, 0.00690668, 3.48375, 1.57521
3.485, 0.0108447, 3.48625, 1.56843
3.4875, 0.0147658, 3.48875, 1.5592
3.49, 0.0186638, 3.49125, 1.54753
3.4925, 0.0225326, 3.49375, 1.53345
3.495, 0.0263662, 3.49625, 1.51697
3.4975, 0.0301587, 3.49875, 1.49812
3.5, 0.033904, 3.50125, 1.47693
3.5025, 0.0375963, 3.50375, 1.45344
3.505, 0.0412299, 3.50625, 1.42767
3.5075, 0.0447991, 3.50875, 1.39967
3.51, 0.0482982, 3.51125, 1.36948
3.5125, 0.0517219, 3.51375, 1.33716
3.515, 0.0550648, 3.51625, 1.30274
3.5175, 0.0583217, 3.51875, 1.26629
3.52, 0.0614874, 3.52125, 1.22786
3.5225, 0.0645571, 3.52375, 1.18751
3.525, 0.0675258, 3.52625, 1.14531
3.5275, 0.0703891, 3.52875, 1.10131
3.53, 0.0731424, 3.53125, 1.0556
3.5325, 0.0757814, 3.53375, 1.00824
3.535, 0.078302, 3.53625, 0.959298
3.5375, 0.0807002, 3.53875, 0.908861
3.54, 0.0829724, 3.54125, 0.857003
3.5425, 0.0851149, 3.54375, 0.803806
3.545, 0.0871244, 3.54625, 0.749353
3.5475, 0.0889978, 3.54875, 0.69373
3.55, 0.0907321, 3.55125, 0.637022
3.5525, 0.0923247, 3.55375, 0.579319
3.555, 0.093773, 3.55625, 0.520711
3.5575, 0.0950747, 3.55875, 0.461289
3.56, 0.096228, 3.56125, 0.401147
3.5625, 0.0972308, 3.56375, 0.340378
3.565, 0.0980818, 3.56625, 0.279077
3.5675, 0.0987795, 3.56875, 0.217339
3.57, 0.0993228, 3.57125, 0.155263
3.5725, 0.099711, 3.57375, 0.0929433
3.575, 0.0999433, 3.57625, 0.0304788
3.5775, 0.10002, 3.57875, -0.0320335
3.58, 0.0999394, 3.58125, -0.0944956
3.5825, 0.0997032, 3.58375, -0.15681
3.585, 0.0993112, 3.58625, -0.21888
3.5875, 0.098764, 3.58875, -0.280607
3.59, 0.0980625, 3.59125, -0.341896
3.5925, 0.0972077, 3.59375, -0.402651
3.595, 0.0962011, 3.59625, -0.462777
3.5975, 0.0950442, 3.59875, -0.522179
3.6, 0.0937387, 3.60125, -0.580766
3.6025, 0.0922868, 3.60375, -0.638445
3.605, 0.0906907, 3.60625, -0.695127
3.6075, 0.0889529, 3.60875, -0.750722
3.61, 0.0870761, 3.61125, -0.805145
3.6125, 0.0850632, 3.61375, -0.858309
3.615, 0.0829174, 3.61625, -0.910133
3.6175, 0.0806421, 3.61875, -0.960534
3.62, 0.0782407, 3.62125, -1.00943
3.6225, 0.0757172, 3.62375, -1.05676
3.625, 0.0730753, 3.62625, -1.10243
3.6275, 0.0703192, 3.62875, -1.14638
3.63, 0.0674532, 3.63125, -1.18854
3.6325, 0.0644819, 3.63375, -1.22884
3.635, 0.0614098, 3.63625, -1.26722
3.6375, 0.0582418, 3.63875, -1.30362
3.64, 0.0549827, 3.64125, -1.33799
3.6425, 0.0516377, 3.64375, -1.37026
3.645, 0.0482121, 3.64625, -1.40039
3.6475, 0.0447111, 3.64875, -1.42834
3.65, 0.0411403, 3.65125, -1.45405
3.6525, 0.0375052, 3.65375, -1.47749
3.655, 0.0338114, 3.65625, -1.49862
3.6575, 0.0300649, 3.65875, -1.51741
3.66, 0.0262713, 3.66125, -1.53383
3.6625, 0.0224368, 3.66375, -1.54785
3.665, 0.0185671, 3.66625, -1.55946
3.6675, 0.0146685, 3.66875, -1.56863
3.67, 0.0107469, 3.67125, -1.57534
3.6725, 0.00680856, 3.67375, -1.5796
3.675, 0.00285956, 3.67625, -1.58139
3.6775, -0.0010939, 3.67875, -1.5807
3.68, -0.00504566, 3.68125, -1.57755
3.6825, -0.00898953, 3.68375, -1.57193
3.685, -0.0129194, 3.68625, -1.56386
3.6875, -0.016829, 3.68875, -1.55334
3.69, -0.0207123, 3.69125, -1.54039
3.6925, -0.0245633, 3.69375, -1.52504
3.695, -0.0283759, 3.69625, -1.50731
3.6975, -0.0321442, 3.69875, -1.48722
3.7, -0.0358622, 3.70125, -1.4648
3.7025, -0.0395242, 3.70375, -1.4401
3.705, -0.0431245, 3.70625, -1.41315
3.7075, -0.0466573, 3.70875, -1.38399
3.71, -0.0501173, 3.71125, -1.35266
3.7125, -0.053499, 3.71375, -1.31923
3.715, -0.056797, 3.71625, -1.28373
3.7175, -0.0600063, 3.71875, -1.24622
3.72, -0.0631219, 3.72125, -1.20677
3.7225, -0.0661388, 3.72375, -1.16543
3.725, -0.0690524, 3.72625, -1.12228
3.7275, -0.0718581, 3.72875, -1.07737
3.73, -0.0745515, 3.73125, -1.03077
3.7325, -0.0771284, 3.73375, -0.982566
3.735, -0.0795849, 3.73625, -0.932825
3.7375, -0.0819169, 3.73875, -0.881627
3.74, -0.084121, 3.74125, -0.829052
3.7425, -0.0861936, 3.74375, -0.775181
3.745, -0.0881316, 3.74625, -0.720098
3.7475, -0.0899318, 3.74875, -0.663891
3.75, -0.0915915, 3.75125, -0.606646
3.7525, -0.0931082, 3.75375, -0.548454
3.755, -0.0944793, 3.75625, -0.489404
3.7575, -0.0957028, 3.75875, -0.42959
3.76, -0.0967768, 3.76125, -0.369104
3.7625, -0.0976995, 3.76375, -0.308042
3.765, -0.0984697, 3.76625, -0.246499
3.7675, -0.0990859, 3.76875, -0.18457
3.77, -0.0995473, 3.77125, -0.122353
3.7725, -0.0998532, 3.77375, -0.0599447
3.775, -0.100003, 3.77625, 0.00255726
3.7775, -0.0999967, 3.77875, 0.0650552
3.78, -0.099834, 3.78125, 0.127451
3.7825, -0.0995154, 3.78375, 0.189649
3.785, -0.0990413, 3.78625, 0.251549
3.7875, -0.0984124, 3.78875, 0.313057
3.79, -0.0976298, 3.79125, 0.374076
3.7925, -0.0966946, 3.79375, 0.43451
3.795, -0.0956083, 3.79625, 0.494265
3.7975, -0.0943726, 3.79875, 0.553248
3.8, -0.0929895, 3.80125, 0.611366
3.8025, -0.0914611, 3.80375, 0.66853
3.805, -0.0897898, 3.80625, 0.724648
3.8075, -0.0879782, 3.80875, 0.779635
3.81, -0.0860291, 3.81125, 0.833403
3.8125, -0.0839456, 3.81375, 0.885869
3.815, -0.0817309, 3.81625, 0.936951
3.8175, -0.0793885, 3.81875, 0.986568
3.82, -0.0769221, 3.82125, 1.03464
3.8225, -0.0743355, 3.82375, 1.0811
3.825, -0.0716327, 3.82625, 1.12587
3.8275, -0.068818, 3.82875, 1.16889
3.83, -0.0658958, 3.83125, 1.21007
3.8325, -0.0628706, 3.83375, 1.24937
3.835, -0.0597472, 3.83625, 1.28671
3.8375, -0.0565305, 3.83875, 1.32204
3.84, -0.0532254, 3.84125, 1.3553
3.8425, -0.0498371, 3.84375, 1.38645
3.845, -0.046371, 3.84625, 1.41543
3.8475, -0.0428324, 3.84875, 1.4422
3.85, -0.0392269, 3.85125, 1.46672
3.8525, -0.0355601, 3.85375, 1.48895
3.855, -0.0318377, 3.85625, 1.50885
3.8575, -0.0280656, 3.85875, 1.52639
3.86, -0.0242496, 3.86125, 1.54154
3.8625, -0.0203958, 3.86375, 1.55429
3.865, -0.01651, 3.86625, 1.56461
3.8675, -0.0125985, 3.86875, 1.57248
3.87, -0.00866732, 3.87125, 1.5779
3.8725, -0.00472257, 3.87375, 1.58085
3.875, -0.000770445, 3.87625, 1.58133
3.8775, 0.00318289, 3.87875, 1.57934
3.88, 0.00713124, 3.88125, 1.57489
3.8825, 0.0110685, 3.88375, 1.56797
3.885, 0.0149884, 3.88625, 1.5586
3.8875, 0.0188849, 3.88875, 1.5468
3.89, 0.0227519, 3.89125, 1.53258
3.8925, 0.0265833, 3.89375, 1.51596
3.895, 0.0303732, 3.89625, 1.49698
3.8975, 0.0341157, 3.89875, 1.47566
3.9, 0.0378048, 3.90125, 1.45203
3.9025, 0.0414349, 3.90375, 1.42613
3.905, 0.0450002, 3.90625, 1.39801
3.9075, 0.0484953, 3.90875, 1.3677
3.91, 0.0519145, 3.91125, 1.33525
3.9125, 0.0552526, 3.91375, 1.30072
3.915, 0.0585044, 3.91625, 1.26415
3.9175, 0.0616648, 3.91875, 1.22561
3.92, 0.0647288, 3.92125, 1.18516
3.9225, 0.0676917, 3.92375, 1.14285
3.925, 0.0705489, 3.92625, 1.09876
3.9275, 0.0732958, 3.92875, 1.05295
3.93, 0.0759281, 3.93125, 1.00549
3.9325, 0.0784418, 3.93375, 0.956466
3.935, 0.080833, 3.93625, 0.905945
3.9375, 0.0830979, 3.93875, 0.854009
3.94, 0.0852329, 3.94125, 0.800739
3.9425, 0.0872347, 3.94375, 0.746217
3.945, 0.0891003, 3.94625, 0.690529
3.9475, 0.0908266, 3.94875, 0.633763
3.95, 0.092411, 3.95125, 0.576006
3.9525, 0.093851, 3.95375, 0.517349
3.955, 0.0951444, 3.95625, 0.457884
3.9575, 0.0962891, 3.95875, 0.397703
3.96, 0.0972834, 3.96125, 0.336901
3.9625, 0.0981256, 3.96375, 0.275572
3.965, 0.0988146, 3.96625, 0.213813
3.9675, 0.0993491, 3.96875, 0.15172
3.97, 0.0997284, 3.97125, 0.0893897
3.9725, 0.0999519, 3.97375, 0.0269198
3.975, 0.100019, 3.97625, -0.0355922
3.9775, 0.0999302, 3.97875, -0.0980485
3.98, 0.0996851, 3.98125, -0.160352
3.9825, 0.0992842, 3.98375, -0.222404
3.985, 0.0987282, 3.98625, -0.284109
3.9875, 0.0980179, 3.98875, -0.345371
3.99, 0.0971545, 3.99125, -0.406092
3.9925, 0.0961392, 3.99375, -0.466179
3.995, 0.0949738, 3.99625, -0.525538
3.9975, 0.0936599, 3.99875, -0.584075
4, 0.0921998, 4.00125, -0.6417
4.0025, 0.0905955, 4.00375, -0.698322
4.005, 0.0888497, 4.00625, -0.753853
4.0075, 0.0869651, 4.00875, -0.808207
4.01, 0.0849446, 4.01125, -0.861297
4.0125, 0.0827913, 4.01375, -0.913041
4.015, 0.0805087, 4.01625, -0.963359
4.0175, 0.0781003, 4.01875, -1.01217
4.02, 0.0755699, 4.02125, -1.0594
4.0225, 0.0729214, 4.02375, -1.10498
4.025, 0.0701589, 4.02625, -1.14883
4.0275, 0.0672869, 4.02875, -1.19088
4.03, 0.0643096, 4.03125, -1.23108
4.0325, 0.061232, 4.03375, -1.26935
4.035, 0.0580586, 4.03625, -1.30563
4.0375, 0.0547945, 4.03875, -1.33988
4.04, 0.0514448, 4.04125, -1.37203
4.0425, 0.0480147, 4.04375, -1.40204
4.045, 0.0445096, 4.04625, -1.42986
4.0475, 0.040935, 4.04875, -1.45544
4.05, 0.0372964, 4.05125, -1.47875
4.0525, 0.0335995, 4.05375, -1.49975
4.055, 0.0298501, 4.05625, -1.51841
4.0575, 0.0260541, 4.05875, -1.53469
4.06, 0.0222173, 4.06125, -1.54858
4.0625, 0.0183459, 4.06375, -1.56005
4.065, 0.0144458, 4.06625, -1.56908
4.0675, 0.0105231, 4.06875, -1.57565
4.07, 0.00658394, 4.07125, -1.57977
4.0725, 0.00263452, 4.07375, -1.58141
4.075, -0.00131901, 4.07625, -1.58059
4.0775, -0.00527048, 4.07875, -1.5773
4.08, -0.00921372, 4.08125, -1.57154
4.0825, -0.0131426, 4.08375, -1.56332
4.085, -0.0170509, 4.08625, -1.55267
4.0875, -0.0209325, 4.08875, -1.53958
4.09, -0.0247815, 4.09125, -1.52409
4.0925, -0.0285917, 4.09375, -1.50622
4.095, -0.0323573, 4.09625, -1.486
4.0975, -0.0360723, 4.09875, -1.46346
4.1, -0.0397309, 4.10125, -1.43862
4.1025, -0.0433275, 4.10375, -1.41154
4.105, -0.0468564, 4.10625, -1.38226
4.1075, -0.050312, 4.10875, -1.35081
4.11, -0.053689, 4.11125, -1.31726
4.1125, -0.0569822, 4.11375, -1.28164
4.115, -0.0601863, 4.11625, -1.24403
4.1175, -0.0632964, 4.11875, -1.20447
4.12, -0.0663075, 4.12125, -1.16303
4.1225, -0.0692151, 4.12375, -1.11977
4.125, -0.0720145, 4.12625, -1.07476
4.1275, -0.0747014, 4.12875, -1.02807
4.13, -0.0772716, 4.13125, -0.979774
4.1325, -0.079721, 4.13375, -0.929949
4.135, -0.0820459, 4.13625, -0.87867
4.1375, -0.0842426, 4.13875, -0.826018
4.14, -0.0863076, 4.14125, -0.772076
4.1425, -0.0882378, 4.14375, -0.716928
4.145, -0.0900301, 4.14625, -0.660659
4.1475, -0.0916818, 4.14875, -0.603358
4.15, -0.0931902, 4.15125, -0.545114
4.1525, -0.0945529, 4.15375, -0.486018
4.155, -0.095768, 4.15625, -0.426163
4.1575, -0.0968334, 4.15875, -0.365642
4.16, -0.0977475, 4.16125, -0.30455
4.1625, -0.0985089, 4.16375, -0.242982
4.165, -0.0991163, 4.16625, -0.181034
4.1675, -0.0995689, 4.16875, -0.118804
4.17, -0.0998659, 4.17125, -0.0563876
4.1725, -0.100007, 4.17375, 0.00611676
4.175, -0.0999916, 4.17625, 0.0686115
4.1775, -0.0998201, 4.17875, 0.130999
4.18, -0.0994926, 4.18125, 0.193182
4.1825, -0.0990096, 4.18375, 0.255063
4.185, -0.098372, 4.18625, 0.316545
4.1875, -0.0975806, 4.18875, 0.377533
4.19, -0.0966368, 4.19125, 0.437931
4.1925, -0.0955419, 4.19375, 0.497645
4.195, -0.0942978, 4.19625, 0.556581
4.1975, -0.0929064, 4.19875, 0.614648
4.2, -0.0913698, 4.20125, 0.671754
4.2025, -0.0896904, 4.20375, 0.72781
4.205, -0.0878708, 4.20625, 0.782729
4.2075, -0.085914, 4.20875, 0.836426
4.21, -0.083823, 4.21125, 0.888815
4.2125, -0.0816009, 4.21375, 0.939816
4.215, -0.0792514, 4.21625, 0.989348
4.2175, -0.076778, 4.21875, 1.03733
4.22, -0.0741847, 4.22125, 1.0837
4.2225, -0.0714754, 4.22375, 1.12837
4.225, -0.0686545, 4.22625, 1.17128
4.2275, -0.0657263, 4.22875, 1.21236
4.23, -0.0626954, 4.23125, 1.25154
4.2325, -0.0595665, 4.23375, 1.28877
4.235, -0.0563446, 4.23625, 1.32399
4.2375, -0.0530346, 4.23875, 1.35714
4.24, -0.0496418, 4.24125, 1.38816
4.2425, -0.0461714, 4.24375, 1.41702
4.245, -0.0426288, 4.24625, 1.44366
4.2475, -0.0390197, 4.24875, 1.46805
4.25, -0.0353496, 4.25125, 1.49014
4.2525, -0.0316242, 4.25375, 1.50991
4.255, -0.0278494, 4.25625, 1.52731
4.2575, -0.0240312, 4.25875, 1.54233
4.26, -0.0201753, 4.26125, 1.55494
4.2625, -0.016288, 4.26375, 1.56512
4.265, -0.0123752, 4.26625, 1.57286
4.2675, -0.00844302, 4.26875, 1.57813
4.27, -0.00449769, 4.27125, 1.58094
4.2725, -0.000545327, 4.27375, 1.58129
4.275, 0.00340789, 4.27625, 1.57916
4.2775, 0.00735578, 4.27875, 1.57456
4.28, 0.0112922, 4.28125, 1.5675
4.2825, 0.0152109, 4.28375, 1.55799
4.285, 0.0191059, 4.28625, 1.54605
4.2875, 0.022971, 4.28875, 1.5317
4.29, 0.0268003, 4.29125, 1.51495
4.2925, 0.0305876, 4.29375, 1.49583
4.295, 0.0343272, 4.29625, 1.47437
4.2975, 0.0380132, 4.29875, 1.45062
4.3, 0.0416397, 4.30125, 1.42459
4.3025, 0.0452012, 4.30375, 1.39634
4.305, 0.048692, 4.30625, 1.36591
4.3075, 0.0521068, 4.30875, 1.33334
4.31, 0.0554401, 4.31125, 1.29869
4.3125, 0.0586869, 4.31375, 1.26201
4.315, 0.0618419, 4.31625, 1.22336
4.3175, 0.0649003, 4.31875, 1.1828
4.32, 0.0678573, 4.32125, 1.14039
4.3225, 0.0707083, 4.32375, 1.09619
4.325, 0.0734487, 4.32625, 1.05029
4.3275, 0.0760745, 4.32875, 1.00274
4.33, 0.0785813, 4.33125, 0.953629
4.3325, 0.0809654, 4.33375, 0.903026
4.335, 0.083223, 4.33625, 0.851011
4.3375, 0.0853505, 4.33875, 0.797667
4.34, 0.0873447, 4.34125, 0.743077
4.3425, 0.0892023, 4.34375, 0.687325
4.345, 0.0909207, 4.34625, 0.6305
4.3475, 0.0924969, 4.34875, 0.572689
4.35, 0.0939286, 4.35125, 0.513984
4.3525, 0.0952136, 4.35375, 0.454475
4.355, 0.0963498, 4.35625, 0.394257
4.3575, 0.0973354, 4.35875, 0.333422
4.36, 0.098169, 4.36125, 0.272066
4.3625, 0.0988491, 4.36375, 0.210286
4.365, 0.0993749, 4.36625, 0.148176
4.3675, 0.0997453, 4.36875, 0.0858357
4.37, 0.0999599, 4.37125, 0.0233608
4.3725, 0.100018, 4.37375, -0.0391507
4.375, 0.0999204, 4.37625, -0.101601
4.3775, 0.0996664, 4.37875, -0.163892
4.38, 0.0992567, 4.38125, -0.225928
4.3825, 0.0986919, 4.38375, -0.28761
4.385, 0.0979728, 4.38625, -0.348843
4.3875, 0.0971007, 4.38875, -0.409531
4.39, 0.0960769, 4.39125, -0.469579
4.3925, 0.0949029, 4.39375, -0.528894
4.395, 0.0935807, 4.39625, -0.587382
4.3975, 0.0921123, 4.39875, -0.644952
4.4, 0.0904999, 4.40125, -0.701514
4.4025, 0.0887461, 4.40375, -0.756981
4.405, 0.0868536, 4.40625, -0.811264
4.4075, 0.0848255, 4.40875, -0.86428
4.41, 0.0826648, 4.41125, -0.915945
4.4125, 0.0803749, 4.41375, -0.96618
4.415, 0.0779595, 4.41625, -1.0149
4.4175, 0.0754222, 4.41875, -1.06204
4.42, 0.0727671, 4.42125, -1.10752
4.4225, 0.0699983, 4.42375, -1.15127
4.425, 0.0671201, 4.42625, -1.19322
4.4275, 0.0641371, 4.42875, -1.23331
4.43, 0.0610538, 4.43125, -1.27147
4.4325, 0.0578751, 4.43375, -1.30764
4.435, 0.054606, 4.43625, -1.34177
4.4375, 0.0512516, 4.43875, -1.3738
4.44, 0.0478171, 4.44125, -1.40368
4.4425, 0.0443079, 4.44375, -1.43138
4.445, 0.0407295, 4.44625, -1.45683
4.4475, 0.0370874, 4.44875, -1.48001
4.45, 0.0333873, 4.45125, -1.50088
4.4525, 0.0296351, 4.45375, -1.5194
4.455, 0.0258366, 4.45625, -1.53555
4.4575, 0.0219978, 4.45875, -1.5493
4.46, 0.0181245, 4.46125, -1.56063
4.4625, 0.014223, 4.46375, -1.56952
4.465, 0.0102992, 4.46625, -1.57595
4.4675, 0.00635929, 4.46875, -1.57993
4.47, 0.00240947, 4.47125, -1.58143
4.4725, -0.00154411, 4.47375, -1.58047
4.475, -0.00549528, 4.47625, -1.57703
4.4775, -0.00943786, 4.47875, -1.57113
4.48, -0.0133657, 4.48125, -1.56278
4.4825, -0.0172727, 4.48375, -1.55199
4.485, -0.0211526, 4.48625, -1.53877
4.4875, -0.0249995, 4.48875, -1.52314
4.49, -0.0288074, 4.49125, -1.50514
4.4925, -0.0325702, 4.49375, -1.48478
4.495, -0.0362822, 4.49625, -1.4621
4.4975, -0.0399374, 4.49875, -1.43714
4.5, -0.0435303, 4.50125, -1.40994
4.5025, -0.0470551, 4.50375, -1.38053
4.505, -0.0505064, 4.50625, -1.34896
4.5075, -0.0538788, 4.50875, -1.31529
4.51, -0.0571671, 4.51125, -1.27956
4.5125, -0.0603659, 4.51375, -1.24183
4.515, -0.0634705, 4.51625, -1.20216
4.5175, -0.0664759, 4.51875, -1.16061
4.52, -0.0693774, 4.52125, -1.11725
4.5225, -0.0721706, 4.52375, -1.07214
4.525, -0.0748509, 4.52625, -1.02536
4.5275, -0.0774143, 4.52875, -0.976978
4.53, -0.0798568, 4.53125, -0.927067
4.5325, -0.0821744, 4.53375, -0.875708
4.535, -0.0843637, 4.53625, -0.822981
4.5375, -0.0864212, 4.53875, -0.768968
4.54, -0.0883436, 4.54125, -0.713753
4.5425, -0.090128, 4.54375, -0.657423
4.545, -0.0917715, 4.54625, -0.600066
4.5475, -0.0932717, 4.54875, -0.541771
4.55, -0.0946261, 4.55125, -0.48263
4.5525, -0.0958327, 4.55375, -0.422734
4.555, -0.0968895, 4.55625, -0.362178
4.5575, -0.097795, 4.55875, -0.301056
4.56, -0.0985476, 4.56125, -0.239464
4.5625, -0.0991463, 4.56375, -0.177498
4.565, -0.09959, 4.56625, -0.115254
4.5675, -0.0998781, 4.56875, -0.0528302
4.57, -0.10001, 4.57125, 0.00967623
4.5725, -0.099986, 4.57375, 0.0721675
4.575, -0.0998056, 4.57625, 0.134546
4.5775, -0.0994692, 4.57875, 0.196714
4.58, -0.0989775, 4.58125, 0.258575
4.5825, -0.098331, 4.58375, 0.320032
4.585, -0.0975309, 4.58625, 0.380989
4.5875, -0.0965785, 4.58875, 0.44135
4.59, -0.0954751, 4.59125, 0.501022
4.5925, -0.0942225, 4.59375, 0.559912
4.595, -0.0928228, 4.59625, 0.617926
4.5975, -0.0912779, 4.59875, 0.674974
4.6, -0.0895905, 4.60125, 0.730969
4.6025, -0.0877631, 4.60375, 0.78582
4.605, -0.0857985, 4.60625, 0.839445
4.6075, -0.0836999, 4.60875, 0.891757
4.61, -0.0814705, 4.61125, 0.942676
4.6125, -0.0791138, 4.61375, 0.992122
4.615, -0.0766335, 4.61625, 1.04002
4.6175, -0.0740335, 4.61875, 1.08629
4.62, -0.0713178, 4.62125, 1.13086
4.6225, -0.0684906, 4.62375, 1.17367
4.625, -0.0655564, 4.62625, 1.21464
4.6275, -0.0625198, 4.62875, 1.25372
4.63, -0.0593855, 4.63125, 1.29083
4.6325, -0.0561585, 4.63375, 1.32593
4.635, -0.0528436, 4.63625, 1.35896
4.6375, -0.0494462, 4.63875, 1.38986
4.64, -0.0459716, 4.64125, 1.4186
4.6425, -0.0424251, 4.64375, 1.44511
4.645, -0.0388123, 4.64625, 1.46937
4.6475, -0.0351389, 4.64875, 1.49133
4.65, -0.0314106, 4.65125, 1.51096
4.6525, -0.0276332, 4.65375, 1.52823
4.655, -0.0238126, 4.65625, 1.54312
4.6575, -0.0199548, 4.65875, 1.55559
4.66, -0.0160658, 4.66125, 1.56563
4.6625, -0.0121517, 4.66375, 1.57322
4.665, -0.00821868, 4.66625, 1.57836
4.6675, -0.00427278, 4.66875, 1.58103
4.67, -0.000320205, 4.67125, 1.58123
4.6725, 0.00363287, 4.67375, 1.57896
4.675, 0.00758027, 4.67625, 1.57422
4.6775, 0.0115158, 4.67875, 1.56703
4.68, 0.0154334, 4.68125, 1.55738
4.6825, 0.0193268, 4.68375, 1.5453
4.685, 0.0231901, 4.68625, 1.53081
4.6875, 0.0270171, 4.68875, 1.51392
4.69, 0.0308019, 4.69125, 1.49467
4.6925, 0.0345386, 4.69375, 1.47308
4.695, 0.0382213, 4.69625, 1.44919
4.6975, 0.0418443, 4.69875, 1.42304
4.7, 0.0454019, 4.70125, 1.39467
4.7025, 0.0488885, 4.70375, 1.36411
4.705, 0.0522988, 4.70625, 1.33142
4.7075, 0.0556274, 4.70875, 1.29666
4.71, 0.058869, 4.71125, 1.25986
4.7125, 0.0620187, 4.71375, 1.2211
4.715, 0.0650714, 4.71625, 1.18043
4.7175, 0.0680225, 4.71875, 1.13792
4.72, 0.0708673, 4.72125, 1.09363
4.7225, 0.0736014, 4.72375, 1.04762
4.725, 0.0762204, 4.72625, 0.999987
4.7275, 0.0787204, 4.72875, 0.950787
4.73, 0.0810974, 4.73125, 0.900101
4.7325, 0.0833476, 4.73375, 0.848009
4.735, 0.0854676, 4.73625, 0.794592
4.7375, 0.0874541, 4.73875, 0.739933
4.74, 0.089304, 4.74125, 0.684118
4.7425, 0.0910142, 4.74375, 0.627234
4.745, 0.0925823, 4.74625, 0.56937
4.7475, 0.0940058, 4.74875, 0.510616
4.75, 0.0952823, 4.75125, 0.451065
4.7525, 0.09641, 4.75375, 0.390809
4.755, 0.097387, 4.75625, 0.329942
4.7575, 0.0982118, 4.75875, 0.268559
4.76, 0.0988832, 4.76125, 0.206757
4.7625, 0.0994001, 4.76375, 0.144632
4.765, 0.0997617, 4.76625, 0.0822812
4.7675, 0.0999674, 4.76875, 0.0198016
4.77, 0.100017, 4.77125, -0.042709
4.7725, 0.0999101, 4.77375, -0.105153
4.775, 0.0996473, 4.77625, -0.167432
4.7775, 0.0992287, 4.77875, -0.22945
4.78, 0.0986551, 4.78125, -0.29111
4.7825, 0.0979273, 4.78375, -0.352314
4.785, 0.0970465, 4.78625, -0.412968
4.7875, 0.0960141, 4.78875, -0.472977
4.79, 0.0948316, 4.79125, -0.532247
4.7925, 0.093501, 4.79375, -0.590685
4.795, 0.0920243, 4.79625, -0.6482
4.7975, 0.0904038, 4.79875, -0.704703
4.8, 0.088642, 4.80125, -0.760104
4.8025, 0.0867418, 4.80375, -0.814317
4.805, 0.084706, 4.80625, -0.867259
4.8075, 0.0825378, 4.80875, -0.918845
4.81, 0.0802407, 4.81125, -0.968995
4.8125, 0.0778182, 4.81375, -1.01763
4.815, 0.0752742, 4.81625, -1.06468
4.8175, 0.0726125, 4.81875, -1.11006
4.82, 0.0698373, 4.82125, -1.15371
4.8225, 0.066953, 4.82375, -1.19555
4.825, 0.0639642, 4.82625, -1.23553
4.8275, 0.0608753, 4.82875, -1.27358
4.83, 0.0576914, 4.83125, -1.30964
4.8325, 0.0544173, 4.83375, -1.34365
4.835, 0.0510582, 4.83625, -1.37556
4.8375, 0.0476193, 4.83875, -1.40532
4.84, 0.044106, 4.84125, -1.43289
4.8425, 0.0405237, 4.84375, -1.45821
4.845, 0.0368782, 4.84625, -1.48126
4.8475, 0.0331751, 4.84875, -1.502
4.85, 0.0294201, 4.85125, -1.52039
4.8525, 0.0256191, 4.85375, -1.5364
4.855, 0.0217781, 4.85625, -1.55001
4.8575, 0.0179031, 4.85875, -1.5612
4.86, 0.0140001, 4.86125, -1.56995
4.8625, 0.0100752, 4.86375, -1.57624
4.865, 0.00613461, 4.86625, -1.58008
4.8675, 0.00218441, 4.86875, -1.58144
4.87, -0.0017692, 4.87125, -1.58034
4.8725, -0.00572005, 4.87375, -1.57676
4.875, -0.00966196, 4.87625, -1.57072
4.8775, -0.0135888, 4.87875, -1.56223
4.88, -0.0174943, 4.88125, -1.5513
4.8825, -0.0213726, 4.88375, -1.53794
4.885, -0.0252174, 4.88625, -1.52218
4.8875, -0.0290229, 4.88875, -1.50404
4.89, -0.032783, 4.89125, -1.48355
4.8925, -0.0364919, 4.89375, -1.46074
4.895, -0.0401437, 4.89625, -1.43565
4.8975, -0.0437329, 4.89875, -1.40832
4.9, -0.0472537, 4.90125, -1.37879
4.9025, -0.0507006, 4.90375, -1.3471
4.905, -0.0540684, 4.90625, -1.31331
4.9075, -0.0573516, 4.90875, -1.27746
4.91, -0.0605453, 4.91125, -1.23962
4.9125, -0.0636443, 4.91375, -1.19984
4.915, -0.0666439, 4.91625, -1.15819
4.9175, -0.0695394, 4.91875, -1.11473
4.92, -0.0723262, 4.92125, -1.06952
4.9225, -0.0750001, 4.92375, -1.02265
4.925, -0.0775567, 4.92625, -0.974176
4.9275, -0.0799921, 4.92875, -0.924181
4.93, -0.0823026, 4.93125, -0.872742
4.9325, -0.0844844, 4.93375, -0.819939
4.935, -0.0865343, 4.93625, -0.765855
4.9375, -0.0884489, 4.93875, -0.710575
4.94, -0.0902253, 4.94125, -0.654184
4.9425, -0.0918608, 4.94375, -0.596771
4.945, -0.0933527, 4.94625, -0.538425
4.9475, -0.0946988, 4.94875, -0.479239
4.95, -0.0958969, 4.95125, -0.419303
4.9525, -0.0969452, 4.95375, -0.358712
4.955, -0.0978419, 4.95625, -0.297561
4.9575, -0.0985858, 4.95875, -0.235945
4.96, -0.0991757, 4.96125, -0.17396
4.9625, -0.0996106, 4.96375, -0.111704
4.965, -0.0998899, 4.96625, -0.0492725
4.9675, -0.100013, 4.96875, 0.0132357
4.97, -0.09998, 4.97125, 0.0757231
4.9725, -0.0997906, 4.97375, 0.138092
4.975, -0.0994454, 4.97625, 0.200246
4.9775, -0.0989448, 4.97875, 0.262086
4.98, -0.0982896, 4.98125, 0.323517
4.9825, -0.0974808, 4.98375, 0.384443
4.985, -0.0965197, 4.98625, 0.444767
4.9875, -0.0954078, 4.98875, 0.504397
4.99, -0.0941468, 4.99125, 0.563239
4.9925, -0.0927387, 4.99375, 0.621201
4.995, -0.0911857, 4.99625, 0.678192
4.9975, -0.0894902, 4.99875, 0.734123
5, -0.0876549, 5.00125, 0.788907
