0, 0.1, 0
0.0025, 0.0998438, -0.0625
0.005, 0.0995315, -0.124902
0.0075, 0.0990637, -0.18711
0.01, 0.0984412, -0.249024
0.0125, 0.0976648, -0.31055
0.015, 0.0967358, -0.371591
0.0175, 0.0956557, -0.43205
0.02, 0.0944261, -0.491835
0.0225, 0.093049, -0.550852
0.025, 0.0915264, -0.609007
0.0275, 0.0898609, -0.666211
0.03, 0.088055, -0.722374
0.0325, 0.0861115, -0.777409
0.035, 0.0840334, -0.831228
0.0375, 0.081824, -0.883749
0.04, 0.0794868, -0.934889
0.0425, 0.0770254, -0.984568
0.045, 0.0744436, -1.03271
0.0475, 0.0717455, -1.07924
0.05, 0.0689353, -1.12408
0.0525, 0.0660174, -1.16716
0.055, 0.0629964, -1.20842
0.0575, 0.0598769, -1.2478
0.06, 0.0566638, -1.28522
0.0625, 0.0533622, -1.32063
0.065, 0.0499773, -1.35398
0.0675, 0.0465142, -1.38522
0.07, 0.0429785, -1.41429
0.0725, 0.0393756, -1.44115
0.075, 0.0357112, -1.46576
0.0775, 0.031991, -1.48808
0.08, 0.0282208, -1.50808
0.0825, 0.0244065, -1.52572
0.085, 0.0205541, -1.54097
0.0875, 0.0166695, -1.55382
0.09, 0.012759, -1.56423
0.0925, 0.00882844, -1.57221
0.095, 0.00488412, -1.57773
0.0975, 0.000932175, -1.58078
0.1, -0.00302123, -1.58136
0.1025, -0.00696991, -1.57947
0.105, -0.0109077, -1.57512
0.1075, -0.0148285, -1.5683
0.11, -0.018726, -1.55903
0.1125, -0.0225944, -1.54733
0.115, -0.0264274, -1.53321
0.1175, -0.0302191, -1.51669
0.12, -0.0339636, -1.4978
0.1225, -0.037655, -1.47658
0.125, -0.0412876, -1.45304
0.1275, -0.0448557, -1.42724
0.13, -0.0483537, -1.3992
0.1325, -0.0517762, -1.36898
0.135, -0.0551177, -1.33662
0.1375, -0.0583732, -1.30217
0.14, -0.0615374, -1.26569
0.1425, -0.0646055, -1.22723
0.145, -0.0675726, -1.18685
0.1475, -0.0704341, -1.14462
0.15, -0.0731856, -1.10059
0.1525, -0.0758227, -1.05485
0.155, -0.0783414, -1.00746
0.1575, -0.0807377, -0.958501
0.16, -0.0830078, -0.90804
0.1625, -0.0851482, -0.85616
0.165, -0.0871555, -0.802943
0.1675, -0.0890267, -0.748471
0.17, -0.0907588, -0.692829
0.1725, -0.092349, -0.636105
0.175, -0.093795, -0.578387
0.1775, -0.0950944, -0.519765
0.18, -0.0962452, -0.460331
0.1825, -0.0972457, -0.400177
0.185, -0.0980942, -0.339399
0.1875, -0.0987894, -0.27809
0.19, -0.0993303, -0.216347
0.1925, -0.0997159, -0.154265
0.195, -0.0999458, -0.0919428
0.1975, -0.100019, -0.0294767
0.2, -0.0999369, 0.0330355
0.2025, -0.0996981, 0.095496
0.205, -0.0993036, 0.157807
0.2075, -0.0987539, 0.219872
0.21, -0.09805, 0.281593
0.2125, -0.0971928, 0.342875
0.215, -0.0961837, 0.40362
0.2175, -0.0950244, 0.463735
0.22, -0.0937166, 0.523125
0.2225, -0.0922623, 0.581698
0.225, -0.0906639, 0.639362
0.2275, -0.0889239, 0.696027
0.23, -0.0870448, 0.751604
0.2325, -0.0850298, 0.806007
0.235, -0.082882, 0.859151
0.2375, -0.0806046, 0.910952
0.24, -0.0782012, 0.96133
0.2425, -0.0756757, 1.01021
0.245, -0.073032, 1.0575
0.2475, -0.0702741, 1.10315
0.25, -0.0674064, 1.14707
0.2525, -0.0644334, 1.1892
0.255, -0.0613598, 1.22947
0.2575, -0.0581902, 1.26782
0.26, -0.0549297, 1.30419
0.2625, -0.0515834, 1.33852
0.265, -0.0481565, 1.37076
0.2675, -0.0446544, 1.40086
0.27, -0.0410825, 1.42877
0.2725, -0.0374464, 1.45444
0.275, -0.0337518, 1.47785
0.2775, -0.0300044, 1.49894
0.28, -0.0262102, 1.51769
0.2825, -0.022375, 1.53408
0.285, -0.0185048, 1.54806
0.2875, -0.0146058, 1.55963
0.29, -0.0106839, 1.56875
0.2925, -0.00674532, 1.57543
0.295, -0.0027962, 1.57965
0.2975, 0.00115729, 1.58139
0.3, 0.00510896, 1.58067
0.3025, 0.00905266, 1.57748
0.305, 0.0129822, 1.57182
0.3075, 0.0168915, 1.56371
0.31, 0.0207744, 1.55315
0.3125, 0.0246248, 1.54017
0.315, 0.0284367, 1.52477
0.3175, 0.0322042, 1.507
0.32, 0.0359214, 1.48687
0.3225, 0.0395824, 1.46442
0.325, 0.0431817, 1.43968
0.3275, 0.0467134, 1.4127
0.33, 0.0501721, 1.3835
0.3325, 0.0535525, 1.35214
0.335, 0.0568492, 1.31867
0.3375, 0.060057, 1.28314
0.34, 0.0631711, 1.24561
0.3425, 0.0661864, 1.20612
0.345, 0.0690983, 1.16476
0.3475, 0.0719022, 1.12157
0.35, 0.0745938, 1.07663
0.3525, 0.0771688, 1.03001
0.355, 0.0796232, 0.98178
0.3575, 0.0819533, 0.932016
0.36, 0.0841553, 0.880795
0.3625, 0.0862258, 0.828198
0.365, 0.0881615, 0.774307
0.3675, 0.0899595, 0.719206
0.37, 0.091617, 0.662981
0.3725, 0.0931313, 0.605721
0.375, 0.0945001, 0.547514
0.3775, 0.0957212, 0.488451
0.38, 0.0967928, 0.428625
0.3825, 0.0977131, 0.36813
0.385, 0.0984807, 0.307059
0.3875, 0.0990945, 0.245509
0.39, 0.0995535, 0.183575
0.3925, 0.0998568, 0.121354
0.395, 0.100004, 0.0589431
0.3975, 0.0999953, -0.00355951
0.4, 0.0998302, -0.0660566
0.4025, 0.099509, -0.12845
0.405, 0.0990324, -0.190644
0.4075, 0.0984011, -0.252539
0.41, 0.097616, -0.314039
0.4125, 0.0966784, -0.375049
0.415, 0.0955897, -0.435473
0.4175, 0.0943516, -0.495217
0.42, 0.0929662, -0.554187
0.4225, 0.0914354, -0.612291
0.425, 0.0897618, -0.669438
0.4275, 0.087948, -0.725539
0.43, 0.0859967, -0.780506
0.4325, 0.0839111, -0.834254
0.435, 0.0816943, -0.886699
0.4375, 0.0793499, -0.937758
0.44, 0.0768816, -0.987351
0.4425, 0.0742931, -1.0354
0.445, 0.0715885, -1.08184
0.4475, 0.068772, -1.12658
0.45, 0.0658481, -1.16956
0.4525, 0.0628213, -1.21072
0.455, 0.0596964, -1.24998
0.4575, 0.0564782, -1.28729
0.46, 0.0531717, -1.32259
0.4625, 0.0497821, -1.35582
0.465, 0.0463148, -1.38693
0.4675, 0.0427751, -1.41588
0.47, 0.0391686, -1.44262
0.4725, 0.0355008, -1.4671
0.475, 0.0317776, -1.48928
0.4775, 0.0280047, -1.50915
0.48, 0.0241881, -1.52665
0.4825, 0.0203337, -1.54177
0.485, 0.0164475, -1.55447
0.4875, 0.0125356, -1.56475
0.49, 0.00860417, -1.57259
0.4925, 0.00465925, -1.57797
0.495, 0.000707059, -1.58088
0.4975, -0.00324624, -1.58132
0.5, -0.00719447, -1.57929
0.5025, -0.0111315, -1.57479
0.505, -0.0150511, -1.56784
0.5075, -0.0189471, -1.55843
0.51, -0.0228136, -1.54659
0.5125, -0.0266444, -1.53233
0.515, -0.0304336, -1.51568
0.5175, -0.0341753, -1.49666
0.52, -0.0378635, -1.4753
0.5225, -0.0414926, -1.45163
0.525, -0.0450568, -1.4257
0.5275, -0.0485507, -1.39754
0.53, -0.0519687, -1.36719
0.5325, -0.0553055, -1.33471
0.535, -0.0585558, -1.30015
0.5375, -0.0617147, -1.26355
0.54, -0.0647772, -1.22498
0.5425, -0.0677384, -1.18449
0.545, -0.0705938, -1.14216
0.5475, -0.0733389, -1.09804
0.55, -0.0759694, -1.0522
0.5525, -0.0784812, -1.00472
0.555, -0.0808703, -0.955668
0.5575, -0.0831331, -0.905124
0.56, -0.0852661, -0.853165
0.5625, -0.0872657, -0.799874
0.565, -0.0891291, -0.745333
0.5675, -0.0908531, -0.689627
0.57, -0.0924353, -0.632844
0.5725, -0.0938729, -0.575072
0.575, -0.0951639, -0.516402
0.5775, -0.0963062, -0.456924
0.58, -0.0972981, -0.396733
0.5825, -0.0981379, -0.335921
0.585, -0.0988243, -0.274585
0.5875, -0.0993564, -0.21282
0.59, -0.0997332, -0.150722
0.5925, -0.0999542, -0.0883891
0.595, -0.100019, -0.0259177
0.5975, -0.0999275, 0.0365941
0.6, -0.0996799, 0.0990488
0.6025, -0.0992765, 0.161349
0.605, -0.098718, 0.223397
0.6075, -0.0980053, 0.285095
0.61, -0.0971394, 0.346349
0.6125, -0.0961217, 0.407061
0.615, -0.0949539, 0.467137
0.6175, -0.0936377, 0.526483
0.62, -0.0921752, 0.585007
0.6225, -0.0905686, 0.642616
0.625, -0.0888206, 0.699221
0.6275, -0.0869337, 0.754734
0.63, -0.0849111, 0.809068
0.6325, -0.0827557, 0.862137
0.635, -0.0804711, 0.91386
0.6375, -0.0780607, 0.964154
0.64, -0.0755283, 1.01294
0.6425, -0.072878, 1.06015
0.645, -0.0701137, 1.1057
0.6475, -0.0672399, 1.14952
0.65, -0.0642611, 1.19154
0.6525, -0.0611818, 1.23171
0.655, -0.058007, 1.26994
0.6575, -0.0547415, 1.3062
0.66, -0.0513904, 1.34041
0.6625, -0.0479591, 1.37253
0.665, -0.0444528, 1.4025
0.6675, -0.0408771, 1.43029
0.67, -0.0372375, 1.45584
0.6725, -0.0335398, 1.47911
0.675, -0.0297896, 1.50007
0.6775, -0.0259929, 1.51869
0.68, -0.0221555, 1.53494
0.6825, -0.0182836, 1.54878
0.685, -0.014383, 1.56021
0.6875, -0.01046, 1.5692
0.69, -0.00652069, 1.57574
0.6925, -0.00257116, 1.57981
0.695, 0.00138239, 1.58142
0.6975, 0.00533378, 1.58056
0.7, 0.00927684, 1.57722
0.7025, 0.0132054, 1.57142
0.705, 0.0171133, 1.56317
0.7075, 0.0209945, 1.55247
0.71, 0.0248429, 1.53935
0.7125, 0.0286525, 1.52383
0.715, 0.0324173, 1.50592
0.7175, 0.0361314, 1.48566
0.72, 0.0397891, 1.46308
0.7225, 0.0433846, 1.43821
0.725, 0.0469123, 1.41109
0.7275, 0.0503668, 1.38177
0.73, 0.0537425, 1.35029
0.7325, 0.0570343, 1.3167
0.735, 0.0602369, 1.28106
0.7375, 0.0633454, 1.24341
0.74, 0.066355, 1.20382
0.7425, 0.0692608, 1.16235
0.745, 0.0720585, 1.11906
0.7475, 0.0747435, 1.07402
0.75, 0.0773118, 1.02731
0.7525, 0.0797593, 0.978987
0.755, 0.0820821, 0.929138
0.7575, 0.0842767, 0.877837
0.76, 0.0863396, 0.825164
0.7625, 0.0882676, 0.771201
0.765, 0.0900577, 0.716034
0.7675, 0.0917071, 0.659748
0.77, 0.0932132, 0.602431
0.7725, 0.0945736, 0.544173
0.775, 0.0957863, 0.485064
0.7775, 0.0968493, 0.425198
0.78, 0.0977609, 0.364667
0.7825, 0.0985198, 0.303567
0.785, 0.0991248, 0.241992
0.7875, 0.0995749, 0.180039
0.79, 0.0998694, 0.117804
0.7925, 0.100008, 0.0553859
0.795, 0.0999901, -0.00711901
0.7975, 0.0998161, -0.0696128
0.8, 0.0994861, -0.131998
0.8025, 0.0990006, -0.194177
0.805, 0.0983605, -0.256052
0.8075, 0.0975667, -0.317527
0.81, 0.0966204, -0.378506
0.8125, 0.0955232, -0.438894
0.815, 0.0942767, -0.498596
0.8175, 0.0928829, -0.557519
0.82, 0.091344, -0.615571
0.8225, 0.0896623, -0.672661
0.825, 0.0878406, -0.7287
0.8275, 0.0858816, -0.7836
0.83, 0.0837884, -0.837276
0.8325, 0.0815643, -0.889644
0.835, 0.0792127, -0.940622
0.8375, 0.0767374, -0.990129
0.84, 0.0741421, -1.03809
0.8425, 0.0714311, -1.08443
0.845, 0.0686084, -1.12907
0.8475, 0.0656785, -1.17195
0.85, 0.062646, -1.213
0.8525, 0.0595156, -1.25216
0.855, 0.0562922, -1.28935
0.8575, 0.0529809, -1.32454
0.86, 0.0495868, -1.35765
0.8625, 0.0461152, -1.38864
0.865, 0.0425715, -1.41746
0.8675, 0.0389613, -1.44407
0.87, 0.0352903, -1.46842
0.8725, 0.0315641, -1.49048
0.875, 0.0277886, -1.51021
0.8775, 0.0239696, -1.52757
0.88, 0.0201132, -1.54255
0.8825, 0.0162254, -1.55512
0.885, 0.0123123, -1.56527
0.8875, 0.00837986, -1.57296
0.89, 0.00443436, -1.5782
0.8925, 0.000481939, -1.58097
0.895, -0.00347124, -1.58127
0.8975, -0.00741899, -1.5791
0.9, -0.0113552, -1.57446
0.9025, -0.0152736, -1.56737
0.905, -0.0191681, -1.55782
0.9075, -0.0230327, -1.54584
0.91, -0.0268613, -1.53145
0.9125, -0.030648, -1.51466
0.915, -0.0343867, -1.4955
0.9175, -0.0380718, -1.47401
0.92, -0.0416973, -1.45022
0.9225, -0.0452577, -1.42416
0.925, -0.0487474, -1.39587
0.9275, -0.0521609, -1.3654
0.93, -0.0554929, -1.3328
0.9325, -0.0587382, -1.29812
0.935, -0.0618917, -1.26141
0.9375, -0.0649485, -1.22272
0.94, -0.0679038, -1.18213
0.9425, -0.0707531, -1.13969
0.945, -0.0734918, -1.09547
0.9475, -0.0761156, -1.04954
0.95, -0.0786205, -1.00197
0.9525, -0.0810026, -0.952829
0.955, -0.0832581, -0.902203
0.9575, -0.0853835, -0.850166
0.96, -0.0873755, -0.796802
0.9625, -0.089231, -0.742192
0.965, -0.0909471, -0.686422
0.9675, -0.092521, -0.629581
0.97, -0.0939504, -0.571755
0.9725, -0.095233, -0.513036
0.975, -0.0963668, -0.453515
0.9775, -0.09735, -0.393286
0.98, -0.0981811, -0.332442
0.9825, -0.0988588, -0.271079
0.985, -0.099382, -0.209292
0.9875, -0.09975, -0.147179
0.99, -0.0999621, -0.0848349
0.9925, -0.100018, -0.0223586
0.995, -0.0999176, 0.0401526
0.9975, -0.0996611, 0.102601
1, -0.0992488, 0.164889
1.0025, -0.0986815, 0.22692
1.005, -0.0979601, 0.288596
1.0075, -0.0970855, 0.349821
1.01, -0.0960593, 0.410499
1.0125, -0.0948829, 0.470536
1.015, -0.0935583, 0.529838
1.0175, -0.0920875, 0.588312
1.02, -0.0904729, 0.645867
1.0225, -0.0887168, 0.702412
1.025, -0.0868222, 0.75786
1.0275, -0.0847919, 0.812124
1.03, -0.0826291, 0.865119
1.0325, -0.0803372, 0.916762
1.035, -0.0779197, 0.966973
1.0375, -0.0753806, 1.01567
1.04, -0.0727236, 1.06279
1.0425, -0.069953, 1.10824
1.045, -0.0670731, 1.15196
1.0475, -0.0640884, 1.19388
1.05, -0.0610036, 1.23393
1.0525, -0.0578234, 1.27206
1.055, -0.0545529, 1.3082
1.0575, -0.0511972, 1.3423
1.06, -0.0477614, 1.3743
1.0625, -0.0442511, 1.40415
1.065, -0.0406716, 1.4318
1.0675, -0.0370285, 1.45722
1.07, -0.0333276, 1.48037
1.0725, -0.0295746, 1.5012
1.075, -0.0257754, 1.51968
1.0775, -0.0219359, 1.53579
1.08, -0.0180622, 1.5495
1.0825, -0.0141602, 1.56079
1.085, -0.0102361, 1.56964
1.0875, -0.00629603, 1.57604
1.09, -0.0023461, 1.57997
1.0925, 0.00160749, 1.58144
1.095, 0.00555857, 1.58043
1.0975, 0.00950097, 1.57696
1.1, 0.0134285, 1.57102
1.1025, 0.0173351, 1.56263
1.105, 0.0212146, 1.55179
1.1075, 0.0250609, 1.53853
1.11, 0.0288681, 1.52287
1.1125, 0.0326301, 1.50483
1.115, 0.0363412, 1.48443
1.1175, 0.0399955, 1.46172
1.12, 0.0435873, 1.43672
1.1225, 0.047111, 1.40948
1.125, 0.0505611, 1.38004
1.1275, 0.0539322, 1.34844
1.13, 0.0572191, 1.31473
1.1325, 0.0604165, 1.27897
1.135, 0.0635195, 1.24121
1.1375, 0.0665233, 1.20151
1.14, 0.0694231, 1.15993
1.1425, 0.0722144, 1.11654
1.145, 0.074893, 1.07141
1.1475, 0.0774544, 1.0246
1.15, 0.0798949, 0.976189
1.1525, 0.0822106, 0.926255
1.155, 0.0843977, 0.874873
1.1575, 0.0864531, 0.822125
1.16, 0.0883733, 0.768092
1.1625, 0.0901554, 0.712858
1.165, 0.0917967, 0.656511
1.1675, 0.0932946, 0.599138
1.17, 0.0946466, 0.540829
1.1725, 0.0958508, 0.481675
1.175, 0.0969052, 0.421768
1.1775, 0.0978082, 0.361203
1.18, 0.0985584, 0.300072
1.1825, 0.0991546, 0.238473
1.185, 0.0995959, 0.176502
1.1875, 0.0998815, 0.114254
1.19, 0.100011, 0.0518285
1.1925, 0.0999844, -0.0106785
1.195, 0.0998015, -0.0731687
1.1975, 0.0994626, -0.135545
1.2, 0.0989683, -0.197709
1.2025, 0.0983194, -0.259564
1.205, 0.0975169, -0.321014
1.2075, 0.096562, -0.381962
1.21, 0.0954562, -0.442313
1.2125, 0.0942013, -0.501973
1.215, 0.0927991, -0.560849
1.2175, 0.091252, -0.618848
1.22, 0.0895623, -0.675881
1.2225, 0.0877327, -0.731857
1.225, 0.0857659, -0.78669
1.2275, 0.0836652, -0.840294
1.23, 0.0814337, -0.892585
1.2325, 0.079075, -0.943481
1.235, 0.0765928, -0.992903
1.2375, 0.0739909, -1.04077
1.24, 0.0712733, -1.08702
1.2425, 0.0684444, -1.13156
1.245, 0.0655086, -1.17434
1.2475, 0.0624703, -1.21528
1.25, 0.0593345, -1.25433
1.2525, 0.056106, -1.29141
1.255, 0.0527898, -1.32648
1.2575, 0.0493911, -1.35947
1.26, 0.0459153, -1.39034
1.2625, 0.0423677, -1.41904
1.265, 0.0387539, -1.44552
1.2675, 0.0350795, -1.46974
1.27, 0.0313504, -1.49166
1.2725, 0.0275722, -1.51126
1.275, 0.023751, -1.52849
1.2775, 0.0198927, -1.54333
1.28, 0.0160032, -1.55577
1.2825, 0.0120888, -1.56577
1.285, 0.00815551, -1.57333
1.2875, 0.00420945, -1.57842
1.29, 0.000256817, -1.58105
1.2925, -0.00369622, -1.58121
1.295, -0.00764348, -1.5789
1.2975, -0.0115788, -1.57413
1.3, -0.015496, -1.56689
1.3025, -0.019389, -1.5572
1.305, -0.0232517, -1.54509
1.3075, -0.0270781, -1.53055
1.31, -0.0308622, -1.51363
1.3125, -0.0345981, -1.49434
1.315, -0.0382799, -1.47272
1.3175, -0.0419018, -1.44879
1.32, -0.0454583, -1.4226
1.3225, -0.0489438, -1.39419
1.325, -0.0523528, -1.3636
1.3275, -0.05568, -1.33088
1.33, -0.0589203, -1.29608
1.3325, -0.0620684, -1.25926
1.335, -0.0651196, -1.22046
1.3375, -0.068069, -1.17976
1.34, -0.070912, -1.13722
1.3425, -0.0736443, -1.0929
1.345, -0.0762615, -1.04687
1.3475, -0.0787595, -0.999211
1.35, -0.0811345, -0.949986
1.3525, -0.0833826, -0.899277
1.355, -0.0855005, -0.847163
1.3575, -0.0874849, -0.793725
1.36, -0.0893325, -0.739047
1.3625, -0.0910405, -0.683214
1.365, -0.0926063, -0.626314
1.3675, -0.0940274, -0.568435
1.37, -0.0953016, -0.509668
1.3725, -0.0964268, -0.450104
1.375, -0.0974014, -0.389837
1.3775, -0.0982238, -0.328961
1.38, -0.0988927, -0.267572
1.3825, -0.0994071, -0.205764
1.385, -0.0997662, -0.143634
1.3875, -0.0999694, -0.0812803
1.39, -0.100016, -0.0187994
1.3925, -0.0999072, 0.0437109
1.395, -0.0996418, 0.106153
1.3975, -0.0992207, 0.168429
1.4, -0.0986446, 0.230442
1.4025, -0.0979144, 0.292095
1.405, -0.0970311, 0.353291
1.4075, -0.0959963, 0.413936
1.41, -0.0948115, 0.473933
1.4125, -0.0934785, 0.533191
1.415, -0.0919994, 0.591615
1.4175, -0.0903767, 0.649114
1.42, -0.0886127, 0.7056
1.4225, -0.0867102, 0.760983
1.425, -0.0846723, 0.815176
1.4275, -0.082502, 0.868097
1.43, -0.0802029, 0.91966
1.4325, -0.0777784, 0.969787
1.435, -0.0752324, 1.0184
1.4375, -0.0725689, 1.06542
1.44, -0.0697919, 1.11077
1.4425, -0.0669059, 1.15439
1.445, -0.0639154, 1.19621
1.4475, -0.060825, 1.23616
1.45, -0.0576396, 1.27417
1.4525, -0.0543641, 1.3102
1.455, -0.0510036, 1.34418
1.4575, -0.0475635, 1.37605
1.46, -0.0440491, 1.40578
1.4625, -0.0404658, 1.43331
1.465, -0.0368193, 1.4586
1.4675, -0.0331152, 1.48161
1.47, -0.0293595, 1.50231
1.4725, -0.0255578, 1.52066
1.475, -0.0217162, 1.53663
1.4775, -0.0178407, 1.55021
1.48, -0.0139373, 1.56136
1.4825, -0.0100122, 1.57007
1.485, -0.00607134, 1.57633
1.4875, -0.00212104, 1.58012
1.49, 0.00183258, 1.58145
1.4925, 0.00578333, 1.5803
1.495, 0.00972505, 1.57669
1.4975, 0.0136516, 1.57061
1.5, 0.0175568, 1.56208
1.5025, 0.0214345, 1.5511
1.505, 0.0252788, 1.53771
1.5075, 0.0290835, 1.52191
1.51, 0.0328429, 1.50373
1.5125, 0.0365509, 1.4832
1.515, 0.0402018, 1.46036
1.5175, 0.0437899, 1.43523
1.52, 0.0473095, 1.40786
1.5225, 0.0507553, 1.3783
1.525, 0.0541217, 1.34657
1.5275, 0.0574036, 1.31275
1.53, 0.0605957, 1.27687
1.5325, 0.0636932, 1.239
1.535, 0.0666912, 1.19919
1.5375, 0.069585, 1.15751
1.54, 0.07237, 1.11402
1.5425, 0.075042, 1.06879
1.545, 0.0775967, 1.02188
1.5475, 0.0800302, 0.973387
1.55, 0.0823386, 0.923368
1.5525, 0.0845183, 0.871906
1.555, 0.086566, 0.819082
1.5575, 0.0884785, 0.764978
1.56, 0.0902527, 0.709679
1.5625, 0.0918859, 0.653271
1.565, 0.0933755, 0.595843
1.5675, 0.0947192, 0.537483
1.57, 0.0959149, 0.478284
1.5725, 0.0969607, 0.418337
1.575, 0.0978551, 0.357736
1.5775, 0.0985965, 0.296577
1.58, 0.0991839, 0.234954
1.5825, 0.0996163, 0.172964
1.585, 0.0998931, 0.110704
1.5875, 0.100014, 0.0482707
1.59, 0.0999781, -0.0142379
1.5925, 0.0997863, -0.0767242
1.595, 0.0994386, -0.139091
1.5975, 0.0989355, -0.20124
1.6, 0.0982778, -0.263075
1.6025, 0.0974666, -0.324498
1.605, 0.096503, -0.385415
1.6075, 0.0953887, -0.445729
1.61, 0.0941254, -0.505347
1.6125, 0.0927149, -0.564175
1.615, 0.0911596, -0.622122
1.6175, 0.0894619, -0.679097
1.62, 0.0876243, -0.735011
1.6225, 0.0856499, -0.789776
1.625, 0.0835416, -0.843307
1.6275, 0.0813028, -0.895521
1.63, 0.078937, -0.946335
1.6325, 0.0764478, -0.995671
1.635, 0.0738392, -1.04345
1.6375, 0.0711152, -1.0896
1.64, 0.0682801, -1.13405
1.6425, 0.0653383, -1.17672
1.645, 0.0622944, -1.21756
1.6475, 0.0591531, -1.25649
1.65, 0.0559195, -1.29346
1.6525, 0.0525985, -1.32841
1.655, 0.0491952, -1.36129
1.6575, 0.0457152, -1.39203
1.66, 0.0421636, -1.42061
1.6625, 0.0385462, -1.44696
1.665, 0.0348686, -1.47105
1.6675, 0.0311365, -1.49284
1.67, 0.0273558, -1.5123
1.6725, 0.0235323, -1.5294
1.675, 0.019672, -1.54411
1.6775, 0.015781, -1.5564
1.68, 0.0118653, -1.56627
1.6825, 0.00793111, -1.57368
1.685, 0.00398452, -1.57864
1.6875, 3.16941e-05, -1.58113
1.69, -0.00392118, -1.58115
1.6925, -0.00786792, -1.5787
1.695, -0.0118024, -1.57378
1.6975, -0.0157184, -1.5664
1.7, -0.0196098, -1.55658
1.7025, -0.0234706, -1.54432
1.705, -0.0272948, -1.52965
1.7075, -0.0310763, -1.5126
1.71, -0.0348092, -1.49317
1.7125, -0.0384877, -1.47142
1.715, -0.0421061, -1.44736
1.7175, -0.0456588, -1.42105
1.72, -0.04914, -1.39251
1.7225, -0.0525445, -1.3618
1.725, -0.0558669, -1.32896
1.7275, -0.059102, -1.29404
1.73, -0.0622448, -1.2571
1.7325, -0.0652903, -1.2182
1.735, -0.0682337, -1.17739
1.7375, -0.0710706, -1.13475
1.74, -0.0737964, -1.09033
1.7425, -0.0764069, -1.0442
1.745, -0.0788981, -0.996449
1.7475, -0.0812659, -0.947138
1.75, -0.0835068, -0.896347
1.7525, -0.0856171, -0.844155
1.755, -0.0875938, -0.790644
1.7575, -0.0894335, -0.735898
1.76, -0.0911335, -0.680002
1.7625, -0.0926911, -0.623044
1.765, -0.0941039, -0.565112
1.7675, -0.0953696, -0.506297
1.77, -0.0964864, -0.446691
1.7725, -0.0974523, -0.386387
1.775, -0.098266, -0.325479
1.7775, -0.0989262, -0.264063
1.78, -0.0994318, -0.202234
1.7825, -0.099782, -0.140089
1.785, -0.0999763, -0.0777253
1.7875, -0.100014, -0.0152401
1.79, -0.0998962, 0.0472689
1.7925, -0.099622, 0.109704
1.795, -0.0991921, 0.171968
1.7975, -0.0986071, 0.233963
1.8, -0.0978682, 0.295592
1.8025, -0.0969763, 0.35676
1.805, -0.0959328, 0.41737
1.8075, -0.0947395, 0.477328
1.81, -0.0933982, 0.53654
1.8125, -0.0919109, 0.594914
1.815, -0.09028, 0.652358
1.8175, -0.088508, 0.708783
1.82, -0.0865978, 0.764101
1.8225, -0.0845522, 0.818225
1.825, -0.0823745, 0.87107
1.8275, -0.0800682, 0.922554
1.83, -0.0776367, 0.972596
1.8325, -0.0750839, 1.02112
1.835, -0.0724138, 1.06805
1.8375, -0.0696305, 1.11331
1.84, -0.0667384, 1.15682
1.8425, -0.0637421, 1.19854
1.845, -0.0606462, 1.23837
1.8475, -0.0574555, 1.27628
1.85, -0.054175, 1.31219
1.8525, -0.0508099, 1.34605
1.855, -0.0473654, 1.3778
1.8575, -0.0438468, 1.40741
1.86, -0.0402598, 1.43481
1.8625, -0.0366099, 1.45997
1.865, -0.0329027, 1.48285
1.8675, -0.0291442, 1.50342
1.87, -0.0253401, 1.52163
1.8725, -0.0214964, 1.53747
1.875, -0.0176192, 1.55091
1.8775, -0.0137144, 1.56192
1.88, -0.00978813, 1.57049
1.8825, -0.00584661, 1.57661
1.885, -0.00189596, 1.58026
1.8875, 0.00205766, 1.58145
1.89, 0.00600806, 1.58016
1.8925, 0.00994908, 1.57641
1.895, 0.0138745, 1.57019
1.8975, 0.0177783, 1.56152
1.9, 0.0216544, 1.5504
1.9025, 0.0254965, 1.53687
1.905, 0.0292989, 1.52094
1.9075, 0.0330554, 1.50262
1.91, 0.0367603, 1.48196
1.9125, 0.0404078, 1.45899
1.915, 0.0439921, 1.43373
1.9175, 0.0475077, 1.40624
1.92, 0.0509491, 1.37655
1.9225, 0.0543109, 1.3447
1.925, 0.0575878, 1.31076
1.9275, 0.0607747, 1.27477
1.93, 0.0638666, 1.23678
1.9325, 0.0668588, 1.19687
1.935, 0.0697465, 1.15508
1.9375, 0.0725252, 1.11149
1.94, 0.0751906, 1.06616
1.9425, 0.0777385, 1.01917
1.945, 0.080165, 0.970579
1.9475, 0.0824662, 0.920476
1.95, 0.0846385, 0.868934
1.9525, 0.0866786, 0.816035
1.955, 0.0885832, 0.761861
1.9575, 0.0903495, 0.706496
1.96, 0.0919746, 0.650028
1.9625, 0.0934559, 0.592544
1.965, 0.0947913, 0.534134
1.9675, 0.0959785, 0.474889
1.97, 0.0970157, 0.414903
1.9725, 0.0979014, 0.354268
1.975, 0.0986341, 0.29308
1.9775, 0.0992127, 0.231433
1.98, 0.0996363, 0.169425
1.9825, 0.0999041, 0.107153
1.985, 0.100016, 0.0447127
1.9875, 0.0999714, -0.0177972
1.99, 0.0997707, -0.0802793
1.9925, 0.0994141, -0.142636
1.995, 0.0989022, -0.20477
1.9975, 0.0982357, -0.266584
2, 0.0974158, -0.327981
2.0025, 0.0964436, -0.388866
2.005, 0.0953208, -0.449143
2.0075, 0.094049, -0.508719
2.01, 0.0926302, -0.567499
2.0125, 0.0910667, -0.625393
2.015, 0.089361, -0.68231
2.0175, 0.0875156, -0.738161
2.02, 0.0855334, -0.792858
2.0225, 0.0834176, -0.846316
2.025, 0.0811715, -0.898452
2.0275, 0.0787985, -0.949184
2.03, 0.0763025, -0.998433
2.0325, 0.0736872, -1.04612
2.035, 0.0709567, -1.09218
2.0375, 0.0681154, -1.13652
2.04, 0.0651677, -1.1791
2.0425, 0.0621181, -1.21983
2.045, 0.0589715, -1.25865
2.0475, 0.0557327, -1.29551
2.05, 0.0524068, -1.33034
2.0525, 0.0489991, -1.36309
2.055, 0.0455148, -1.39372
2.0575, 0.0419594, -1.42217
2.06, 0.0383384, -1.44839
2.0625, 0.0346575, -1.47235
2.065, 0.0309225, -1.49401
2.0675, 0.0271391, -1.51334
2.07, 0.0233134, -1.5303
2.0725, 0.0194512, -1.54487
2.075, 0.0155586, -1.55703
2.0775, 0.0116418, -1.56675
2.08, 0.00770668, -1.57403
2.0825, 0.00375956, -1.57885
2.085, -0.000193429, -1.5812
2.0875, -0.00414612, -1.58108
2.09, -0.00809233, -1.57848
2.0925, -0.0120259, -1.57343
2.095, -0.0159407, -1.56591
2.0975, -0.0198305, -1.55595
2.1, -0.0236894, -1.54355
2.1025, -0.0275113, -1.52875
2.105, -0.0312902, -1.51155
2.1075, -0.0350202, -1.492
2.11, -0.0386954, -1.47011
2.1125, -0.0423102, -1.44592
2.115, -0.0458589, -1.41948
2.1175, -0.049336, -1.39082
2.12, -0.0527359, -1.35998
2.1225, -0.0560535, -1.32702
2.125, -0.0592835, -1.29199
2.1275, -0.0624208, -1.25494
2.13, -0.0654606, -1.21592
2.1325, -0.0683982, -1.17501
2.135, -0.0712288, -1.13226
2.1375, -0.0739482, -1.08775
2.14, -0.076552, -1.04153
2.1425, -0.0790362, -0.993682
2.145, -0.0813969, -0.944285
2.1475, -0.0836305, -0.893412
2.15, -0.0857333, -0.841143
2.1525, -0.0877022, -0.787559
2.155, -0.0895341, -0.732745
2.1575, -0.091226, -0.676787
2.16, -0.0927755, -0.61977
2.1625, -0.0941799, -0.561786
2.165, -0.0954372, -0.502923
2.1675, -0.0965454, -0.443275
2.17, -0.0975028, -0.382934
2.1725, -0.0983077, -0.321995
2.175, -0.0989591, -0.260553
2.1775, -0.0994559, -0.198703
2.18, -0.0997972, -0.136543
2.1825, -0.0999827, -0.0741699
2.185, -0.100012, -0.0116807
2.1875, -0.0998848, 0.0508267
2.19, -0.0996017, 0.113255
2.1925, -0.0991629, 0.175506
2.195, -0.0985692, 0.237483
2.1975, -0.0978215, 0.299088
2.2, -0.0969209, 0.360227
2.2025, -0.0958689, 0.420802
2.205, -0.0946671, 0.48072
2.2075, -0.0933174, 0.539887
2.21, -0.0918219, 0.598211
2.2125, -0.0901829, 0.655599
2.215, -0.088403, 0.711964
2.2175, -0.0864849, 0.767215
2.22, -0.0844317, 0.821269
2.2225, -0.0822466, 0.874038
2.225, -0.079933, 0.925443
2.2275, -0.0774945, 0.975401
2.23, -0.074935, 1.02383
2.2325, -0.0722583, 1.07067
2.235, -0.0694687, 1.11583
2.2375, -0.0665706, 1.15925
2.24, -0.0635684, 1.20086
2.2425, -0.060467, 1.24059
2.245, -0.057271, 1.27838
2.2475, -0.0539856, 1.31417
2.25, -0.0506158, 1.34791
2.2525, -0.047167, 1.37955
2.255, -0.0436444, 1.40903
2.2575, -0.0400536, 1.4363
2.26, -0.0364003, 1.46134
2.2625, -0.0326901, 1.48409
2.265, -0.0289288, 1.50452
2.2675, -0.0251223, 1.5226
2.27, -0.0212765, 1.5383
2.2725, -0.0173975, 1.5516
2.275, -0.0134913, 1.56247
2.2775, -0.00956407, 1.5709
2.28, -0.00562186, 1.57688
2.2825, -0.00167087, 1.5804
2.285, 0.00228273, 1.58144
2.2875, 0.00623277, 1.58001
2.29, 0.0101731, 1.57612
2.2925, 0.0140975, 1.56976
2.295, 0.0179998, 1.56095
2.2975, 0.0218741, 1.5497
2.3, 0.0257142, 1.53603
2.3025, 0.029514, 1.51996
2.305, 0.0332678, 1.50151
2.3075, 0.0369696, 1.48072
2.31, 0.0406136, 1.45761
2.3125, 0.0441942, 1.43223
2.315, 0.0477057, 1.40461
2.3175, 0.0511427, 1.37479
2.32, 0.0544998, 1.34283
2.3225, 0.0577717, 1.30876
2.325, 0.0609533, 1.27266
2.3275, 0.0640397, 1.23456
2.33, 0.0670261, 1.19454
2.3325, 0.0699077, 1.15265
2.335, 0.0726801, 1.10895
2.3375, 0.0753389, 1.06353
2.34, 0.07788, 1.01644
2.3425, 0.0802994, 0.967766
2.345, 0.0825933, 0.917579
2.3475, 0.0847582, 0.865958
2.35, 0.0867907, 0.812984
2.3525, 0.0886876, 0.75874
2.355, 0.0904458, 0.70331
2.3575, 0.0920628, 0.646781
2.36, 0.0935359, 0.589242
2.3625, 0.0948628, 0.530782
2.365, 0.0960416, 0.471493
2.3675, 0.0970702, 0.411467
2.37, 0.0979472, 0.350798
2.3725, 0.0986712, 0.289581
2.375, 0.099241, 0.227912
2.3775, 0.0996557, 0.165886
2.38, 0.0999147, 0.103601
2.3825, 0.100018, 0.0411545
2.385, 0.0999642, -0.0213564
2.3875, 0.0997546, -0.0838341
2.39, 0.0993891, -0.146181
2.3925, 0.0988684, -0.208299
2.395, 0.0981932, -0.270092
2.3975, 0.0973645, -0.331462
2.4, 0.0963837, -0.392315
2.4025, 0.0952523, -0.452555
2.405, 0.0939721, -0.512088
2.4075, 0.0925451, -0.57082
2.41, 0.0909734, -0.628661
2.4125, 0.0892596, -0.685519
2.415, 0.0874064, -0.741307
2.4175, 0.0854165, -0.795936
2.42, 0.0832932, -0.849321
2.4225, 0.0810398, -0.901379
2.425, 0.0786597, -0.952029
2.4275, 0.0761567, -1.00119
2.43, 0.0735347, -1.04879
2.4325, 0.0707979, -1.09475
2.435, 0.0679504, -1.139
2.4375, 0.0649967, -1.18147
2.44, 0.0619415, -1.22209
2.4425, 0.0587895, -1.2608
2.445, 0.0555456, -1.29755
2.4475, 0.052215, -1.33226
2.45, 0.0488027, -1.3649
2.4525, 0.0453142, -1.3954
2.455, 0.0417549, -1.42372
2.4575, 0.0381304, -1.44982
2.46, 0.0344463, -1.47365
2.4625, 0.0307083, -1.49518
2.465, 0.0269224, -1.51437
2.4675, 0.0230944, -1.5312
2.47, 0.0192303, -1.54563
2.4725, 0.0153362, -1.55765
2.475, 0.0114181, -1.56723
2.4775, 0.0074822, -1.57437
2.48, 0.00353459, -1.57905
2.4825, -0.000418552, -1.58126
2.485, -0.00437104, -1.58099
2.4875, -0.00831669, -1.57826
2.49, -0.0122494, -1.57306
2.4925, -0.0161629, -1.56541
2.495, -0.0200511, -1.55531
2.4975, -0.0239081, -1.54277
2.5, -0.0277277, -1.52783
2.5025, -0.0315039, -1.5105
2.505, -0.0352309, -1.49081
2.5075, -0.0389029, -1.46879
2.51, -0.0425141, -1.44448
2.5125, -0.0460589, -1.41791
2.515, -0.0495317, -1.38912
2.5175, -0.0529271, -1.35816
2.52, -0.0562398, -1.32508
2.5225, -0.0594646, -1.28993
2.525, -0.0625966, -1.25277
2.5275, -0.0656307, -1.21365
2.53, -0.0685623, -1.17263
2.5325, -0.0713867, -1.12978
2.535, -0.0740996, -1.08516
2.5375, -0.0766967, -1.03885
2.54, -0.079174, -0.990911
2.5425, -0.0815275, -0.941427
2.545, -0.0837537, -0.890472
2.5475, -0.085849, -0.838126
2.55, -0.0878102, -0.784471
2.5525, -0.0896342, -0.729589
2.555, -0.0913181, -0.673568
2.5575, -0.0928593, -0.616494
2.56, -0.0942555, -0.558457
2.5625, -0.0955044, -0.499547
2.565, -0.096604, -0.439857
2.5675, -0.0975527, -0.37948
2.57, -0.098349, -0.318509
2.5725, -0.0989916, -0.257041
2.575, -0.0994795, -0.195171
2.5775, -0.099812, -0.132997
2.58, -0.0999885, -0.0706141
2.5825, -0.100009, -0.00812125
2.585, -0.0998729, 0.0543843
2.5875, -0.0995809, 0.116805
2.59, -0.0991333, 0.179043
2.5925, -0.0985308, 0.241001
2.595, -0.0977743, 0.302583
2.5975, -0.0968651, 0.363692
2.6, -0.0958045, 0.424232
2.6025, -0.0945942, 0.48411
2.605, -0.0932361, 0.543232
2.6075, -0.0917324, 0.601504
2.61, -0.0900853, 0.658837
2.6125, -0.0882974, 0.71514
2.615, -0.0863716, 0.770326
2.6175, -0.0843108, 0.824308
2.62, -0.0821183, 0.877003
2.6225, -0.0797975, 0.928327
2.625, -0.077352, 0.9782
2.6275, -0.0747857, 1.02655
2.63, -0.0721024, 1.07329
2.6325, -0.0693066, 1.11835
2.635, -0.0664024, 1.16167
2.6375, -0.0633945, 1.20317
2.64, -0.0602875, 1.24279
2.6425, -0.0570863, 1.28047
2.645, -0.053796, 1.31615
2.6475, -0.0504215, 1.34977
2.65, -0.0469683, 1.38128
2.6525, -0.0434417, 1.41064
2.655, -0.0398472, 1.43779
2.6575, -0.0361905, 1.4627
2.66, -0.0324772, 1.48531
2.6625, -0.0287132, 1.50561
2.665, -0.0249043, 1.52356
2.6675, -0.0210565, 1.53912
2.67, -0.0171758, 1.55228
2.6725, -0.0132682, 1.56302
2.675, -0.00933995, 1.57131
2.6775, -0.00539708, 1.57715
2.68, -0.00144577, 1.58052
2.6825, 0.00250779, 1.58143
2.685, 0.00645744, 1.57986
2.6875, 0.010397, 1.57582
2.69, 0.0143203, 1.56932
2.6925, 0.0182212, 1.56037
2.695, 0.0220937, 1.54899
2.6975, 0.0259316, 1.53518
2.7, 0.0297291, 1.51897
2.7025, 0.03348, 1.50039
2.705, 0.0371787, 1.47946
2.7075, 0.0408193, 1.45623
2.71, 0.0443961, 1.43072
2.7125, 0.0479035, 1.40297
2.715, 0.051336, 1.37303
2.7175, 0.0546884, 1.34094
2.72, 0.0579553, 1.30676
2.7225, 0.0611317, 1.27054
2.725, 0.0642125, 1.23233
2.7275, 0.067193, 1.1922
2.73, 0.0700685, 1.15021
2.7325, 0.0728345, 1.10641
2.735, 0.0754868, 1.06089
2.7375, 0.078021, 1.01371
2.74, 0.0804334, 0.964948
2.7425, 0.0827201, 0.914677
2.745, 0.0848776, 0.862977
2.7475, 0.0869024, 0.809929
2.75, 0.0887914, 0.755615
2.7525, 0.0905417, 0.70012
2.755, 0.0921505, 0.643532
2.7575, 0.0936154, 0.585938
2.76, 0.094934, 0.527428
2.7625, 0.0961042, 0.468094
2.765, 0.0971243, 0.408029
2.7675, 0.0979926, 0.347326
2.77, 0.0987078, 0.286081
2.7725, 0.0992688, 0.224389
2.775, 0.0996746, 0.162346
2.7775, 0.0999247, 0.100049
2.78, 0.100019, 0.0375961
2.7825, 0.0999564, -0.0249156
2.785, 0.099738, -0.0873884
2.7875, 0.0993637, -0.149725
2.79, 0.0988341, -0.211827
2.7925, 0.0981501, -0.273598
2.795, 0.0973127, -0.334942
2.7975, 0.0963233, -0.395762
2.8, 0.0951834, -0.455965
2.8025, 0.0938948, -0.515454
2.805, 0.0924594, -0.574138
2.8075, 0.0908796, -0.631926
2.81, 0.0891578, -0.688725
2.8125, 0.0872967, -0.744449
2.815, 0.0852992, -0.799009
2.8175, 0.0831684, -0.852321
2.82, 0.0809076, -0.904302
2.8225, 0.0785204, -0.954869
2.825, 0.0760106, -1.00394
2.8275, 0.073382, -1.05145
2.83, 0.0706387, -1.09731
2.8325, 0.067785, -1.14146
2.835, 0.0648254, -1.18383
2.8375, 0.0617646, -1.22435
2.84, 0.0586072, -1.26295
2.8425, 0.0553583, -1.29958
2.845, 0.0520228, -1.33418
2.8475, 0.0486061, -1.36669
2.85, 0.0451134, -1.39707
2.8525, 0.0415503, -1.42527
2.855, 0.0379222, -1.45123
2.8575, 0.0342348, -1.47494
2.86, 0.030494, -1.49633
2.8625, 0.0267055, -1.51539
2.865, 0.0228753, -1.53208
2.8675, 0.0190094, -1.54638
2.87, 0.0151137, -1.55826
2.8725, 0.0111944, -1.56771
2.875, 0.00725769, -1.5747
2.8775, 0.0033096, -1.57924
2.88, -0.000643672, -1.58131
2.8825, -0.00459593, -1.5809
2.885, -0.00854102, -1.57803
2.8875, -0.0124728, -1.57269
2.89, -0.016385, -1.5649
2.8925, -0.0202716, -1.55466
2.895, -0.0241266, -1.54199
2.8975, -0.0279439, -1.52691
2.9, -0.0317175, -1.50944
2.9025, -0.0354416, -1.48962
2.905, -0.0391102, -1.46747
2.9075, -0.0427178, -1.44303
2.91, -0.0462586, -1.41633
2.9125, -0.0497272, -1.38742
2.915, -0.053118, -1.35634
2.9175, -0.0564258, -1.32314
2.92, -0.0596455, -1.28787
2.9225, -0.062772, -1.25059
2.925, -0.0658004, -1.21136
2.9275, -0.068726, -1.17024
2.93, -0.0715442, -1.12728
2.9325, -0.0742506, -1.08257
2.935, -0.076841, -1.03616
2.9375, -0.0793113, -0.988134
2.94, -0.0816578, -0.938565
2.9425, -0.0838766, -0.887528
2.945, -0.0859643, -0.835106
2.9475, -0.0879178, -0.781378
2.95, -0.0897339, -0.726429
2.9525, -0.0914097, -0.670346
2.955, -0.0929428, -0.613215
2.9575, -0.0943306, -0.555125
2.96, -0.095571, -0.496169
2.9625, -0.0966621, -0.436437
2.965, -0.0976021, -0.376023
2.9675, -0.0983897, -0.315022
2.97, -0.0990235, -0.253528
2.9725, -0.0995026, -0.191638
2.975, -0.0998262, -0.129449
2.9775, -0.0999939, -0.0670579
2.98, -0.100005, -0.00456177
2.9825, -0.0998604, 0.0579415
2.985, -0.0995595, 0.120354
2.9875, -0.0991031, 0.182579
2.99, -0.0984918, 0.244518
2.9925, -0.0977266, 0.306076
2.995, -0.0968087, 0.367155
2.9975, -0.0957396, 0.42766
3, -0.0945208, 0.487498
3.0025, -0.0931544, 0.546573
3.005, -0.0916424, 0.604795
3.0075, -0.0899872, 0.662071
3.01, -0.0881914, 0.718313
3.0125, -0.0862579, 0.773433
3.015, -0.0841895, 0.827344
3.0175, -0.0819896, 0.879962
3.02, -0.0796616, 0.931206
3.0225, -0.0772091, 0.980994
3.025, -0.074636, 1.02925
3.0275, -0.0719462, 1.0759
3.03, -0.0691441, 1.12086
3.0325, -0.0662339, 1.16408
3.035, -0.0632202, 1.20548
3.0375, -0.0601077, 1.24499
3.04, -0.0569013, 1.28256
3.0425, -0.053606, 1.31812
3.045, -0.050227, 1.35162
3.0475, -0.0467694, 1.38301
3.05, -0.0432388, 1.41225
3.0525, -0.0396407, 1.43927
3.055, -0.0359805, 1.46404
3.0575, -0.0322642, 1.48653
3.06, -0.0284975, 1.5067
3.0625, -0.0246862, 1.52451
3.065, -0.0208364, 1.53994
3.0675, -0.016954, 1.55296
3.07, -0.0130451, 1.56356
3.0725, -0.00911579, 1.57171
3.075, -0.00517227, 1.57741
3.0775, -0.00122067, 1.58064
3.08, 0.00273284, 1.5814
3.0825, 0.00668207, 1.57969
3.085, 0.0106209, 1.57552
3.0875, 0.0145431, 1.56888
3.09, 0.0184425, 1.55979
3.0925, 0.0223132, 1.54826
3.095, 0.026149, 1.53432
3.0975, 0.0299439, 1.51798
3.1, 0.0336921, 1.49926
3.1025, 0.0373876, 1.4782
3.105, 0.0410247, 1.45484
3.1075, 0.0445977, 1.4292
3.11, 0.048101, 1.40132
3.1125, 0.0515291, 1.37126
3.115, 0.0548768, 1.33905
3.1175, 0.0581386, 1.30475
3.12, 0.0613097, 1.26842
3.1225, 0.0643849, 1.2301
3.125, 0.0673596, 1.18986
3.1275, 0.070229, 1.14776
3.13, 0.0729886, 1.10387
3.1325, 0.0756343, 1.05825
3.135, 0.0781617, 1.01098
3.1375, 0.080567, 0.962126
3.14, 0.0828465, 0.911771
3.1425, 0.0849964, 0.859992
3.145, 0.0870136, 0.80687
3.1475, 0.0888948, 0.752486
3.15, 0.0906371, 0.696927
3.1525, 0.0922378, 0.640279
3.155, 0.0936944, 0.58263
3.1575, 0.0950046, 0.524071
3.16, 0.0961663, 0.464693
3.1625, 0.0971778, 0.404589
3.165, 0.0980374, 0.343853
3.1675, 0.0987439, 0.28258
3.17, 0.099296, 0.220865
3.1725, 0.099693, 0.158805
3.175, 0.0999343, 0.0964965
3.1775, 0.100019, 0.0340375
3.18, 0.0999482, -0.0284746
3.1825, 0.0997208, -0.0909422
3.185, 0.0993377, -0.153268
3.1875, 0.0987993, -0.215354
3.19, 0.0981065, -0.277103
3.1925, 0.0972605, -0.33842
3.195, 0.0962625, -0.399208
3.1975, 0.095114, -0.459372
3.2, 0.093817, -0.518818
3.2025, 0.0923734, -0.577454
3.205, 0.0907854, -0.635187
3.2075, 0.0890556, -0.691928
3.21, 0.0871866, -0.747588
3.2125, 0.0851814, -0.802079
3.215, 0.0830431, -0.855318
3.2175, 0.0807751, -0.90722
3.22, 0.0783808, -0.957704
3.2225, 0.0758641, -1.00669
3.225, 0.0732288, -1.05411
3.2275, 0.0704791, -1.09987
3.23, 0.0676193, -1.14392
3.2325, 0.0646538, -1.18619
3.235, 0.0615873, -1.2266
3.2375, 0.0584246, -1.26509
3.24, 0.0551706, -1.3016
3.2425, 0.0518304, -1.33608
3.245, 0.0484092, -1.36848
3.2475, 0.0449124, -1.39873
3.25, 0.0413454, -1.4268
3.2525, 0.0377138, -1.45265
3.255, 0.0340232, -1.47622
3.2575, 0.0302795, -1.49748
3.26, 0.0264885, -1.51641
3.2625, 0.0226561, -1.53296
3.265, 0.0187883, -1.54712
3.2675, 0.0148911, -1.55886
3.27, 0.0109707, -1.56817
3.2725, 0.00703314, -1.57503
3.275, 0.00308459, -1.57942
3.2775, -0.000868789, -1.58135
3.28, -0.00482081, -1.58081
3.2825, -0.0087653, -1.57779
3.285, -0.0126961, -1.57232
3.2875, -0.016607, -1.56438
3.29, -0.020492, -1.554
3.2925, -0.024345, -1.54119
3.295, -0.02816, -1.52598
3.2975, -0.0319309, -1.50838
3.3, -0.035652, -1.48842
3.3025, -0.0393173, -1.46614
3.305, -0.0429212, -1.44157
3.3075, -0.0464581, -1.41474
3.31, -0.0499224, -1.3857
3.3125, -0.0533086, -1.3545
3.315, -0.0566116, -1.32118
3.3175, -0.0598261, -1.2858
3.32, -0.0629471, -1.24841
3.3225, -0.0659698, -1.20907
3.325, -0.0688894, -1.16784
3.3275, -0.0717013, -1.12478
3.33, -0.0744013, -1.07997
3.3325, -0.0769849, -1.03347
3.335, -0.0794483, -0.985353
3.3375, -0.0817875, -0.935697
3.34, -0.083999, -0.88458
3.3425, -0.0860792, -0.832081
3.345, -0.0880249, -0.778281
3.3475, -0.0898331, -0.723266
3.35, -0.0915009, -0.66712
3.3525, -0.0930257, -0.609932
3.355, -0.0944052, -0.551791
3.3575, -0.0956371, -0.492788
3.36, -0.0967197, -0.433014
3.3625, -0.0976511, -0.372565
3.365, -0.0984299, -0.311533
3.3675, -0.099055, -0.250014
3.37, -0.0995252, -0.188105
3.3725, -0.09984, -0.125901
3.375, -0.0999987, -0.0635015
3.3775, -0.100001, -0.00100226
3.38, -0.0998475, 0.0614985
3.3825, -0.0995377, 0.123903
3.385, -0.0990724, 0.186114
3.3875, -0.0984524, 0.248035
3.39, -0.0976784, 0.309567
3.3925, -0.0967519, 0.370616
3.395, -0.0956742, 0.431086
3.3975, -0.094447, 0.490883
3.4, -0.0930722, 0.549912
3.4025, -0.091552, 0.608082
3.405, -0.0898887, 0.665302
3.4075, -0.088085, 0.721483
3.41, -0.0861437, 0.776536
3.4125, -0.0840678, 0.830375
3.415, -0.0818605, 0.882918
3.4175, -0.0795253, 0.934081
3.42, -0.0770658, 0.983784
3.4225, -0.0744859, 1.03195
3.425, -0.0717897, 1.0785
3.4275, -0.0689812, 1.12337
3.43, -0.066065, 1.16649
3.4325, -0.0630456, 1.20778
3.435, -0.0599276, 1.24718
3.4375, -0.056716, 1.28463
3.44, -0.0534158, 1.32008
3.4425, -0.0500322, 1.35347
3.445, -0.0465703, 1.38474
3.4475, -0.0430357, 1.41384
3.45, -0.0394339, 1.44074
3.4525, -0.0357704, 1.46539
3.455, -0.032051, 1.48774
3.4575, -0.0282816, 1.50778
3.46, -0.024468, 1.52545
3.4625, -0.0206161, 1.54074
3.465, -0.016732, 1.55363
3.4675, -0.0128218, 1.56409
3.47, -0.00889158, 1.5721
3.4725, -0.00494743, 1.57766
3.475, -0.00099556, 1.58075
3.4775, 0.00295787, 1.58137
3.48, 0.00690668, 1.57952
3.4825, 0.0108447, 1.57521
3.485, 0.0147658, 1.56843
3.4875, 0.0186638, 1.5592
3.49, 0.0225326, 1.54753
3.4925, 0.0263662, 1.53345
3.495, 0.0301587, 1.51697
3.4975, 0.033904, 1.49812
3.5, 0.0375963, 1.47693
3.5025, 0.0412299, 1.45344
3.505, 0.0447991, 1.42767
3.5075, 0.0482982, 1.39967
3.51, 0.0517219, 1.36948
3.5125, 0.0550648, 1.33716
3.515, 0.0583217, 1.30274
3.5175, 0.0614874, 1.26629
3.52, 0.0645571, 1.22786
3.5225, 0.0675258, 1.18751
3.525, 0.0703891, 1.14531
3.5275, 0.0731424, 1.10131
3.53, 0.0757814, 1.0556
3.5325, 0.078302, 1.00824
3.535, 0.0807002, 0.959298
3.5375, 0.0829724, 0.908861
3.54, 0.0851149, 0.857003
3.5425, 0.0871244, 0.803806
3.545, 0.0889978, 0.749353
3.5475, 0.0907321, 0.69373
3.55, 0.0923247, 0.637022
3.5525, 0.093773, 0.579319
3.555, 0.0950747, 0.520711
3.5575, 0.096228, 0.461289
3.56, 0.0972308, 0.401147
3.5625, 0.0980818, 0.340378
3.565, 0.0987795, 0.279077
3.5675, 0.0993228, 0.217339
3.57, 0.099711, 0.155263
3.5725, 0.0999433, 0.0929433
3.575, 0.10002, 0.0304788
3.5775, 0.0999394, -0.0320335
3.58, 0.0997032, -0.0944956
3.5825, 0.0993112, -0.15681
3.585, 0.098764, -0.21888
3.5875, 0.0980625, -0.280607
3.59, 0.0972077, -0.341896
3.5925, 0.0962011, -0.402651
3.595, 0.0950442, -0.462777
3.5975, 0.0937387, -0.522179
3.6, 0.0922868, -0.580766
3.6025, 0.0906907, -0.638445
3.605, 0.0889529, -0.695127
3.6075, 0.0870761, -0.750722
3.61, 0.0850632, -0.805145
3.6125, 0.0829174, -0.858309
3.615, 0.0806421, -0.910133
3.6175, 0.0782407, -0.960534
3.62, 0.0757172, -1.00943
3.6225, 0.0730753, -1.05676
3.625, 0.0703192, -1.10243
3.6275, 0.0674532, -1.14638
3.63, 0.0644819, -1.18854
3.6325, 0.0614098, -1.22884
3.635, 0.0582418, -1.26722
3.6375, 0.0549827, -1.30362
3.64, 0.0516377, -1.33799
3.6425, 0.0482121, -1.37026
3.645, 0.0447111, -1.40039
3.6475, 0.0411403, -1.42834
3.65, 0.0375052, -1.45405
3.6525, 0.0338114, -1.47749
3.655, 0.0300649, -1.49862
3.6575, 0.0262713, -1.51741
3.66, 0.0224368, -1.53383
3.6625, 0.0185671, -1.54785
3.665, 0.0146685, -1.55946
3.6675, 0.0107469, -1.56863
3.67, 0.00680856, -1.57534
3.6725, 0.00285956, -1.5796
3.675, -0.0010939, -1.58139
3.6775, -0.00504566, -1.5807
3.68, -0.00898953, -1.57755
3.6825, -0.0129194, -1.57193
3.685, -0.016829, -1.56386
3.6875, -0.0207123, -1.55334
3.69, -0.0245633, -1.54039
3.6925, -0.0283759, -1.52504
3.695, -0.0321442, -1.50731
3.6975, -0.0358622, -1.48722
3.7, -0.0395242, -1.4648
3.7025, -0.0431245, -1.4401
3.705, -0.0466573, -1.41315
3.7075, -0.0501173, -1.38399
3.71, -0.053499, -1.35266
3.7125, -0.056797, -1.31923
3.715, -0.0600063, -1.28373
3.7175, -0.0631219, -1.24622
3.72, -0.0661388, -1.20677
3.7225, -0.0690524, -1.16543
3.725, -0.0718581, -1.12228
3.7275, -0.0745515, -1.07737
3.73, -0.0771284, -1.03077
3.7325, -0.0795849, -0.982566
3.735, -0.0819169, -0.932825
3.7375, -0.084121, -0.881627
3.74, -0.0861936, -0.829052
3.7425, -0.0881316, -0.775181
3.745, -0.0899318, -0.720098
3.7475, -0.0915915, -0.663891
3.75, -0.0931082, -0.606646
3.7525, -0.0944793, -0.548454
3.755, -0.0957028, -0.489404
3.7575, -0.0967768, -0.42959
3.76, -0.0976995, -0.369104
3.7625, -0.0984697, -0.308042
3.765, -0.0990859, -0.246499
3.7675, -0.0995473, -0.18457
3.77, -0.0998532, -0.122353
3.7725, -0.100003, -0.0599447
3.775, -0.0999967, 0.00255726
3.7775, -0.099834, 0.0650552
3.78, -0.0995154, 0.127451
3.7825, -0.0990413, 0.189649
3.785, -0.0984124, 0.251549
3.7875, -0.0976298, 0.313057
3.79, -0.0966946, 0.374076
3.7925, -0.0956083, 0.43451
3.795, -0.0943726, 0.494265
3.7975, -0.0929895, 0.553248
3.8, -0.0914611, 0.611366
3.8025, -0.0897898, 0.66853
3.805, -0.0879782, 0.724648
3.8075, -0.0860291, 0.779635
3.81, -0.0839456, 0.833403
3.8125, -0.0817309, 0.885869
3.815, -0.0793885, 0.936951
3.8175, -0.0769221, 0.986568
3.82, -0.0743355, 1.03464
3.8225, -0.0716327, 1.0811
3.825, -0.068818, 1.12587
3.8275, -0.0658958, 1.16889
3.83, -0.0628706, 1.21007
3.8325, -0.0597472, 1.24937
3.835, -0.0565305, 1.28671
3.8375, -0.0532254, 1.32204
3.84, -0.0498371, 1.3553
3.8425, -0.046371, 1.38645
3.845, -0.0428324, 1.41543
3.8475, -0.0392269, 1.4422
3.85, -0.0355601, 1.46672
3.8525, -0.0318377, 1.48895
3.855, -0.0280656, 1.50885
3.8575, -0.0242496, 1.52639
3.86, -0.0203958, 1.54154
3.8625, -0.01651, 1.55429
3.865, -0.0125985, 1.56461
3.8675, -0.00866732, 1.57248
3.87, -0.00472257, 1.5779
3.8725, -0.000770445, 1.58085
3.875, 0.00318289, 1.58133
3.8775, 0.00713124, 1.57934
3.88, 0.0110685, 1.57489
3.8825, 0.0149884, 1.56797
3.885, 0.0188849, 1.5586
3.8875, 0.0227519, 1.5468
3.89, 0.0265833, 1.53258
3.8925, 0.0303732, 1.51596
3.895, 0.0341157, 1.49698
3.8975, 0.0378048, 1.47566
3.9, 0.0414349, 1.45203
3.9025, 0.0450002, 1.42613
3.905, 0.0484953, 1.39801
3.9075, 0.0519145, 1.3677
3.91, 0.0552526, 1.33525
3.9125, 0.0585044, 1.30072
3.915, 0.0616648, 1.26415
3.9175, 0.0647288, 1.22561
3.92, 0.0676917, 1.18516
3.9225, 0.0705489, 1.14285
3.925, 0.0732958, 1.09876
3.9275, 0.0759281, 1.05295
3.93, 0.0784418, 1.00549
3.9325, 0.080833, 0.956466
3.935, 0.0830979, 0.905945
3.9375, 0.0852329, 0.854009
3.94, 0.0872347, 0.800739
3.9425, 0.0891003, 0.746217
3.945, 0.0908266, 0.690529
3.9475, 0.092411, 0.633763
3.95, 0.093851, 0.576006
3.9525, 0.0951444, 0.517349
3.955, 0.0962891, 0.457884
3.9575, 0.0972834, 0.397703
3.96, 0.0981256, 0.336901
3.9625, 0.0988146, 0.275572
3.965, 0.0993491, 0.213813
3.9675, 0.0997284, 0.15172
3.97, 0.0999519, 0.0893897
3.9725, 0.100019, 0.0269198
3.975, 0.0999302, -0.0355922
3.9775, 0.0996851, -0.0980485
3.98, 0.0992842, -0.160352
3.9825, 0.0987282, -0.222404
3.985, 0.0980179, -0.284109
3.9875, 0.0971545, -0.345371
3.99, 0.0961392, -0.406092
3.9925, 0.0949738, -0.466179
3.995, 0.0936599, -0.525538
3.9975, 0.0921998, -0.584075
4, 0.0905955, -0.6417
4.0025, 0.0888497, -0.698322
4.005, 0.0869651, -0.753853
4.0075, 0.0849446, -0.808207
4.01, 0.0827913, -0.861297
4.0125, 0.0805087, -0.913041
4.015, 0.0781003, -0.963359
4.0175, 0.0755699, -1.01217
4.02, 0.0729214, -1.0594
4.0225, 0.0701589, -1.10498
4.025, 0.0672869, -1.14883
4.0275, 0.0643096, -1.19088
4.03, 0.061232, -1.23108
4.0325, 0.0580586, -1.26935
4.035, 0.0547945, -1.30563
4.0375, 0.0514448, -1.33988
4.04, 0.0480147, -1.37203
4.0425, 0.0445096, -1.40204
4.045, 0.040935, -1.42986
4.0475, 0.0372964, -1.45544
4.05, 0.0335995, -1.47875
4.0525, 0.0298501, -1.49975
4.055, 0.0260541, -1.51841
4.0575, 0.0222173, -1.53469
4.06, 0.0183459, -1.54858
4.0625, 0.0144458, -1.56005
4.065, 0.0105231, -1.56908
4.0675, 0.00658394, -1.57565
4.07, 0.00263452, -1.57977
4.0725, -0.00131901, -1.58141
4.075, -0.00527048, -1.58059
4.0775, -0.00921372, -1.5773
4.08, -0.0131426, -1.57154
4.0825, -0.0170509, -1.56332
4.085, -0.0209325, -1.55267
4.0875, -0.0247815, -1.53958
4.09, -0.0285917, -1.52409
4.0925, -0.0323573, -1.50622
4.095, -0.0360723, -1.486
4.0975, -0.0397309, -1.46346
4.1, -0.0433275, -1.43862
4.1025, -0.0468564, -1.41154
4.105, -0.050312, -1.38226
4.1075, -0.053689, -1.35081
4.11, -0.0569822, -1.31726
4.1125, -0.0601863, -1.28164
4.115, -0.0632964, -1.24403
4.1175, -0.0663075, -1.20447
4.12, -0.0692151, -1.16303
4.1225, -0.0720145, -1.11977
4.125, -0.0747014, -1.07476
4.1275, -0.0772716, -1.02807
4.13, -0.079721, -0.979774
4.1325, -0.0820459, -0.929949
4.135, -0.0842426, -0.87867
4.1375, -0.0863076, -0.826018
4.14, -0.0882378, -0.772076
4.1425, -0.0900301, -0.716928
4.145, -0.0916818, -0.660659
4.1475, -0.0931902, -0.603358
4.15, -0.0945529, -0.545114
4.1525, -0.095768, -0.486018
4.155, -0.0968334, -0.426163
4.1575, -0.0977475, -0.365642
4.16, -0.0985089, -0.30455
4.1625, -0.0991163, -0.242982
4.165, -0.0995689, -0.181034
4.1675, -0.0998659, -0.118804
4.17, -0.100007, -0.0563876
4.1725, -0.0999916, 0.00611676
4.175, -0.0998201, 0.0686115
4.1775, -0.0994926, 0.130999
4.18, -0.0990096, 0.193182
4.1825, -0.098372, 0.255063
4.185, -0.0975806, 0.316545
4.1875, -0.0966368, 0.377533
4.19, -0.0955419, 0.437931
4.1925, -0.0942978, 0.497645
4.195, -0.0929064, 0.556581
4.1975, -0.0913698, 0.614648
4.2, -0.0896904, 0.671754
4.2025, -0.0878708, 0.72781
4.205, -0.085914, 0.782729
4.2075, -0.083823, 0.836426
4.21, -0.0816009, 0.888815
4.2125, -0.0792514, 0.939816
4.215, -0.076778, 0.989348
4.2175, -0.0741847, 1.03733
4.22, -0.0714754, 1.0837
4.2225, -0.0686545, 1.12837
4.225, -0.0657263, 1.17128
4.2275, -0.0626954, 1.21236
4.23, -0.0595665, 1.25154
4.2325, -0.0563446, 1.28877
4.235, -0.0530346, 1.32399
4.2375, -0.0496418, 1.35714
4.24, -0.0461714, 1.38816
4.2425, -0.0426288, 1.41702
4.245, -0.0390197, 1.44366
4.2475, -0.0353496, 1.46805
4.25, -0.0316242, 1.49014
4.2525, -0.0278494, 1.50991
4.255, -0.0240312, 1.52731
4.2575, -0.0201753, 1.54233
4.26, -0.016288, 1.55494
4.2625, -0.0123752, 1.56512
4.265, -0.00844302, 1.57286
4.2675, -0.00449769, 1.57813
4.27, -0.000545327, 1.58094
4.2725, 0.00340789, 1.58129
4.275, 0.00735578, 1.57916
4.2775, 0.0112922, 1.57456
4.28, 0.0152109, 1.5675
4.2825, 0.0191059, 1.55799
4.285, 0.022971, 1.54605
4.2875, 0.0268003, 1.5317
4.29, 0.0305876, 1.51495
4.2925, 0.0343272, 1.49583
4.295, 0.0380132, 1.47437
4.2975, 0.0416397, 1.45062
4.3, 0.0452012, 1.42459
4.3025, 0.048692, 1.39634
4.305, 0.0521068, 1.36591
4.3075, 0.0554401, 1.33334
4.31, 0.0586869, 1.29869
4.3125, 0.0618419, 1.26201
4.315, 0.0649003, 1.22336
4.3175, 0.0678573, 1.1828
4.32, 0.0707083, 1.14039
4.3225, 0.0734487, 1.09619
4.325, 0.0760745, 1.05029
4.3275, 0.0785813, 1.00274
4.33, 0.0809654, 0.953629
4.3325, 0.083223, 0.903026
4.335, 0.0853505, 0.851011
4.3375, 0.0873447, 0.797667
4.34, 0.0892023, 0.743077
4.3425, 0.0909207, 0.687325
4.345, 0.0924969, 0.6305
4.3475, 0.0939286, 0.572689
4.35, 0.0952136, 0.513984
4.3525, 0.0963498, 0.454475
4.355, 0.0973354, 0.394257
4.3575, 0.098169, 0.333422
4.36, 0.0988491, 0.272066
4.3625, 0.0993749, 0.210286
4.365, 0.0997453, 0.148176
4.3675, 0.0999599, 0.0858357
4.37, 0.100018, 0.0233608
4.3725, 0.0999204, -0.0391507
4.375, 0.0996664, -0.101601
4.3775, 0.0992567, -0.163892
4.38, 0.0986919, -0.225928
4.3825, 0.0979728, -0.28761
4.385, 0.0971007, -0.348843
4.3875, 0.0960769, -0.409531
4.39, 0.0949029, -0.469579
4.3925, 0.0935807, -0.528894
4.395, 0.0921123, -0.587382
4.3975, 0.0904999, -0.644952
4.4, 0.0887461, -0.701514
4.4025, 0.0868536, -0.756981
4.405, 0.0848255, -0.811264
4.4075, 0.0826648, -0.86428
4.41, 0.0803749, -0.915945
4.4125, 0.0779595, -0.96618
4.415, 0.0754222, -1.0149
4.4175, 0.0727671, -1.06204
4.42, 0.0699983, -1.10752
4.4225, 0.0671201, -1.15127
4.425, 0.0641371, -1.19322
4.4275, 0.0610538, -1.23331
4.43, 0.0578751, -1.27147
4.4325, 0.054606, -1.30764
4.435, 0.0512516, -1.34177
4.4375, 0.0478171, -1.3738
4.44, 0.0443079, -1.40368
4.4425, 0.0407295, -1.43138
4.445, 0.0370874, -1.45683
4.4475, 0.0333873, -1.48001
4.45, 0.0296351, -1.50088
4.4525, 0.0258366, -1.5194
4.455, 0.0219978, -1.53555
4.4575, 0.0181245, -1.5493
4.46, 0.014223, -1.56063
4.4625, 0.0102992, -1.56952
4.465, 0.00635929, -1.57595
4.4675, 0.00240947, -1.57993
4.47, -0.00154411, -1.58143
4.4725, -0.00549528, -1.58047
4.475, -0.00943786, -1.57703
4.4775, -0.0133657, -1.57113
4.48, -0.0172727, -1.56278
4.4825, -0.0211526, -1.55199
4.485, -0.0249995, -1.53877
4.4875, -0.0288074, -1.52314
4.49, -0.0325702, -1.50514
4.4925, -0.0362822, -1.48478
4.495, -0.0399374, -1.4621
4.4975, -0.0435303, -1.43714
4.5, -0.0470551, -1.40994
4.5025, -0.0505064, -1.38053
4.505, -0.0538788, -1.34896
4.5075, -0.0571671, -1.31529
4.51, -0.0603659, -1.27956
4.5125, -0.0634705, -1.24183
4.515, -0.0664759, -1.20216
4.5175, -0.0693774, -1.16061
4.52, -0.0721706, -1.11725
4.5225, -0.0748509, -1.07214
4.525, -0.0774143, -1.02536
4.5275, -0.0798568, -0.976978
4.53, -0.0821744, -0.927067
4.5325, -0.0843637, -0.875708
4.535, -0.0864212, -0.822981
4.5375, -0.0883436, -0.768968
4.54, -0.090128, -0.713753
4.5425, -0.0917715, -0.657423
4.545, -0.0932717, -0.600066
4.5475, -0.0946261, -0.541771
4.55, -0.0958327, -0.48263
4.5525, -0.0968895, -0.422734
4.555, -0.097795, -0.362178
4.5575, -0.0985476, -0.301056
4.56, -0.0991463, -0.239464
4.5625, -0.09959, -0.177498
4.565, -0.0998781, -0.115254
4.5675, -0.10001, -0.0528302
4.57, -0.099986, 0.00967623
4.5725, -0.0998056, 0.0721675
4.575, -0.0994692, 0.134546
4.5775, -0.0989775, 0.196714
4.58, -0.098331, 0.258575
4.5825, -0.0975309, 0.320032
4.585, -0.0965785, 0.380989
4.5875, -0.0954751, 0.44135
4.59, -0.0942225, 0.501022
4.5925, -0.0928228, 0.559912
4.595, -0.0912779, 0.617926
4.5975, -0.0895905, 0.674974
4.6, -0.0877631, 0.730969
4.6025, -0.0857985, 0.78582
4.605, -0.0836999, 0.839445
4.6075, -0.0814705, 0.891757
4.61, -0.0791138, 0.942676
4.6125, -0.0766335, 0.992122
4.615, -0.0740335, 1.04002
4.6175, -0.0713178, 1.08629
4.62, -0.0684906, 1.13086
4.6225, -0.0655564, 1.17367
4.625, -0.0625198, 1.21464
4.6275, -0.0593855, 1.25372
4.63, -0.0561585, 1.29083
4.6325, -0.0528436, 1.32593
4.635, -0.0494462, 1.35896
4.6375, -0.0459716, 1.38986
4.64, -0.0424251, 1.4186
4.6425, -0.0388123, 1.44511
4.645, -0.0351389, 1.46937
4.6475, -0.0314106, 1.49133
4.65, -0.0276332, 1.51096
4.6525, -0.0238126, 1.52823
4.655, -0.0199548, 1.54312
4.6575, -0.0160658, 1.55559
4.66, -0.0121517, 1.56563
4.6625, -0.00821868, 1.57322
4.665, -0.00427278, 1.57836
4.6675, -0.000320205, 1.58103
4.67, 0.00363287, 1.58123
4.6725, 0.00758027, 1.57896
4.675, 0.0115158, 1.57422
4.6775, 0.0154334, 1.56703
4.68, 0.0193268, 1.55738
4.6825, 0.0231901, 1.5453
4.685, 0.0270171, 1.53081
4.6875, 0.0308019, 1.51392
4.69, 0.0345386, 1.49467
4.6925, 0.0382213, 1.47308
4.695, 0.0418443, 1.44919
4.6975, 0.0454019, 1.42304
4.7, 0.0488885, 1.39467
4.7025, 0.0522988, 1.36411
4.705, 0.0556274, 1.33142
4.7075, 0.058869, 1.29666
4.71, 0.0620187, 1.25986
4.7125, 0.0650714, 1.2211
4.715, 0.0680225, 1.18043
4.7175, 0.0708673, 1.13792
4.72, 0.0736014, 1.09363
4.7225, 0.0762204, 1.04762
4.725, 0.0787204, 0.999987
4.7275, 0.0810974, 0.950787
4.73, 0.0833476, 0.900101
4.7325, 0.0854676, 0.848009
4.735, 0.0874541, 0.794592
4.7375, 0.089304, 0.739933
4.74, 0.0910142, 0.684118
4.7425, 0.0925823, 0.627234
4.745, 0.0940058, 0.56937
4.7475, 0.0952823, 0.510616
4.75, 0.09641, 0.451065
4.7525, 0.097387, 0.390809
4.755, 0.0982118, 0.329942
4.7575, 0.0988832, 0.268559
4.76, 0.0994001, 0.206757
4.7625, 0.0997617, 0.144632
4.765, 0.0999674, 0.0822812
4.7675, 0.100017, 0.0198016
4.77, 0.0999101, -0.042709
4.7725, 0.0996473, -0.105153
4.775, 0.0992287, -0.167432
4.7775, 0.0986551, -0.22945
4.78, 0.0979273, -0.29111
4.7825, 0.0970465, -0.352314
4.785, 0.0960141, -0.412968
4.7875, 0.0948316, -0.472977
4.79, 0.093501, -0.532247
4.7925, 0.0920243, -0.590685
4.795, 0.0904038, -0.6482
4.7975, 0.088642, -0.704703
4.8, 0.0867418, -0.760104
4.8025, 0.084706, -0.814317
4.805, 0.0825378, -0.867259
4.8075, 0.0802407, -0.918845
4.81, 0.0778182, -0.968995
4.8125, 0.0752742, -1.01763
4.815, 0.0726125, -1.06468
4.8175, 0.0698373, -1.11006
4.82, 0.066953, -1.15371
4.8225, 0.0639642, -1.19555
4.825, 0.0608753, -1.23553
4.8275, 0.0576914, -1.27358
4.83, 0.0544173, -1.30964
4.8325, 0.0510582, -1.34365
4.835, 0.0476193, -1.37556
4.8375, 0.044106, -1.40532
4.84, 0.0405237, -1.43289
4.8425, 0.0368782, -1.45821
4.845, 0.0331751, -1.48126
4.8475, 0.0294201, -1.502
4.85, 0.0256191, -1.52039
4.8525, 0.0217781, -1.5364
4.855, 0.0179031, -1.55001
4.8575, 0.0140001, -1.5612
4.86, 0.0100752, -1.56995
4.8625, 0.00613461, -1.57624
4.865, 0.00218441, -1.58008
4.8675, -0.0017692, -1.58144
4.87, -0.00572005, -1.58034
4.8725, -0.00966196, -1.57676
4.875, -0.0135888, -1.57072
4.8775, -0.0174943, -1.56223
4.88, -0.0213726, -1.5513
4.8825, -0.0252174, -1.53794
4.885, -0.0290229, -1.52218
4.8875, -0.032783, -1.50404
4.89, -0.0364919, -1.48355
4.8925, -0.0401437, -1.46074
4.895, -0.0437329, -1.43565
4.8975, -0.0472537, -1.40832
4.9, -0.0507006, -1.37879
4.9025, -0.0540684, -1.3471
4.905, -0.0573516, -1.31331
4.9075, -0.0605453, -1.27746
4.91, -0.0636443, -1.23962
4.9125, -0.0666439, -1.19984
4.915, -0.0695394, -1.15819
4.9175, -0.0723262, -1.11473
4.92, -0.0750001, -1.06952
4.9225, -0.0775567, -1.02265
4.925, -0.0799921, -0.974176
4.9275, -0.0823026, -0.924181
4.93, -0.0844844, -0.872742
4.9325, -0.0865343, -0.819939
4.935, -0.0884489, -0.765855
4.9375, -0.0902253, -0.710575
4.94, -0.0918608, -0.654184
4.9425, -0.0933527, -0.596771
4.945, -0.0946988, -0.538425
4.9475, -0.0958969, -0.479239
4.95, -0.0969452, -0.419303
4.9525, -0.0978419, -0.358712
4.955, -0.0985858, -0.297561
4.9575, -0.0991757, -0.235945
4.96, -0.0996106, -0.17396
4.9625, -0.0998899, -0.111704
4.965, -0.100013, -0.0492725
4.9675, -0.09998, 0.0132357
4.97, -0.0997906, 0.0757231
4.9725, -0.0994454, 0.138092
4.975, -0.0989448, 0.200246
4.9775, -0.0982896, 0.262086
4.98, -0.0974808, 0.323517
4.9825, -0.0965197, 0.384443
4.985, -0.0954078, 0.444767
4.9875, -0.0941468, 0.504397
4.99, -0.0927387, 0.563239
4.9925, -0.0911857, 0.621201
4.995, -0.0894902, 0.678192
4.9975, -0.0876549, 0.734123
5, -0.0856826, 0.788907
