0, 0.250342, 0.98329, 0, 0, 0.0175, -2.94987e-06, 0, 0, -5.25e-08
0.500684, 0.751026, 0.98329, 0.00876197, -0.000153218, 0.0174986, -2.94987e-06, -2.62859e-08, 4.59653e-10, -5.24959e-08
1.00137, 1.25171, 0.983213, 0.0175233, -0.000306405, 0.0174959, -2.94964e-06, -5.25698e-08, 9.19214e-10, -5.24877e-08
1.50205, 1.75239, 0.98306, 0.0262832, -0.000459548, 0.0174918, -2.94918e-06, -7.88495e-08, 1.37864e-09, -5.24754e-08
2.00274, 2.25308, 0.98283, 0.035041, -0.000612636, 0.0174864, -2.94849e-06, -1.05123e-07, 1.83791e-09, -5.24591e-08
2.50342, 2.75376, 0.982523, 0.0437962, -0.000765655, 0.0174795, -2.94757e-06, -1.31389e-07, 2.29696e-09, -5.24386e-08
3.0041, 3.25445, 0.98214, 0.0525479, -0.000918593, 0.0174713, -2.94642e-06, -1.57644e-07, 2.75578e-09, -5.2414e-08
3.50479, 3.75513, 0.98168, 0.0612955, -0.00107144, 0.0174618, -2.94504e-06, -1.83887e-07, 3.21431e-09, -5.23854e-08
4.00547, 4.25581, 0.981143, 0.0700384, -0.00122418, 0.0174509, -2.94343e-06, -2.10115e-07, 3.67253e-09, -5.23527e-08
4.50616, 4.7565, 0.98053, 0.0787758, -0.0013768, 0.0174386, -2.94159e-06, -2.36327e-07, 4.13039e-09, -5.23159e-08
5.00684, 5.25718, 0.979841, 0.087507, -0.00152928, 0.017425, -2.93952e-06, -2.62521e-07, 4.58785e-09, -5.22751e-08
5.50752, 5.75787, 0.979075, 0.0962314, -0.00168163, 0.01741, -2.93723e-06, -2.88694e-07, 5.04489e-09, -5.22301e-08
6.00821, 6.25855, 0.978233, 0.104948, -0.00183382, 0.0173937, -2.9347e-06, -3.14845e-07, 5.50145e-09, -5.21812e-08
6.50889, 6.75923, 0.977315, 0.113657, -0.00198584, 0.017376, -2.93195e-06, -3.40971e-07, 5.95752e-09, -5.21281e-08
7.00958, 7.25992, 0.976321, 0.122357, -0.00213768, 0.017357, -2.92896e-06, -3.67071e-07, 6.41304e-09, -5.2071e-08
7.51026, 7.7606, 0.975251, 0.131047, -0.00228933, 0.0173366, -2.92575e-06, -3.93142e-07, 6.86798e-09, -5.20099e-08
8.01094, 8.26129, 0.974104, 0.139728, -0.00244077, 0.0173149, -2.92231e-06, -4.19183e-07, 7.3223e-09, -5.19447e-08
8.51163, 8.76197, 0.972882, 0.148397, -0.00259199, 0.0172918, -2.91865e-06, -4.45191e-07, 7.77597e-09, -5.18755e-08
9.01231, 9.26265, 0.971585, 0.157055, -0.00274299, 0.0172674, -2.91475e-06, -4.71164e-07, 8.22896e-09, -5.18023e-08
9.513, 9.76334, 0.970211, 0.1657, -0.00289374, 0.0172417, -2.91063e-06, -4.97101e-07, 8.68121e-09, -5.17251e-08
10.0137, 10.264, 0.968762, 0.174333, -0.00304423, 0.0172146, -2.90629e-06, -5.22998e-07, 9.1327e-09, -5.16438e-08
10.5144, 10.7647, 0.967238, 0.182952, -0.00319446, 0.0171862, -2.90171e-06, -5.48856e-07, 9.58339e-09, -5.15586e-08
11.015, 11.2654, 0.965639, 0.191557, -0.00334442, 0.0171564, -2.89692e-06, -5.7467e-07, 1.00332e-08, -5.14693e-08
11.5157, 11.7661, 0.963964, 0.200147, -0.00349408, 0.0171254, -2.89189e-06, -6.0044e-07, 1.04822e-08, -5.13761e-08
12.0164, 12.2668, 0.962215, 0.208721, -0.00364343, 0.017093, -2.88664e-06, -6.26163e-07, 1.09303e-08, -5.12789e-08
12.5171, 12.7674, 0.960391, 0.217279, -0.00379248, 0.0170593, -2.88117e-06, -6.51838e-07, 1.13774e-08, -5.11778e-08
13.0178, 13.2681, 0.958492, 0.225821, -0.00394119, 0.0170242, -2.87548e-06, -6.77462e-07, 1.18236e-08, -5.10727e-08
13.5185, 13.7688, 0.956519, 0.234344, -0.00408957, 0.0169879, -2.86956e-06, -7.03033e-07, 1.22687e-08, -5.09636e-08
14.0192, 14.2695, 0.954471, 0.24285, -0.00423759, 0.0169502, -2.86341e-06, -7.2855e-07, 1.27128e-08, -5.08506e-08
14.5198, 14.7702, 0.952349, 0.251337, -0.00438525, 0.0169112, -2.85705e-06, -7.5401e-07, 1.31558e-08, -5.07337e-08
15.0205, 15.2709, 0.950154, 0.259804, -0.00453254, 0.016871, -2.85046e-06, -7.79411e-07, 1.35976e-08, -5.06129e-08
15.5212, 15.7715, 0.947884, 0.268251, -0.00467944, 0.0168294, -2.84365e-06, -8.04752e-07, 1.40383e-08, -5.04882e-08
16.0219, 16.2722, 0.945541, 0.276677, -0.00482594, 0.0167865, -2.83662e-06, -8.30031e-07, 1.44778e-08, -5.03596e-08
16.5226, 16.7729, 0.943125, 0.285082, -0.00497204, 0.0167424, -2.82938e-06, -8.55245e-07, 1.49161e-08, -5.02271e-08
17.0233, 17.2736, 0.940636, 0.293464, -0.00511771, 0.0166969, -2.82191e-06, -8.80393e-07, 1.53531e-08, -5.00907e-08
17.5239, 17.7743, 0.938073, 0.301824, -0.00526295, 0.0166502, -2.81422e-06, -9.05473e-07, 1.57888e-08, -4.99505e-08
18.0246, 18.275, 0.935438, 0.310161, -0.00540774, 0.0166022, -2.80631e-06, -9.30482e-07, 1.62232e-08, -4.98065e-08
18.5253, 18.7756, 0.932731, 0.318473, -0.00555207, 0.0165529, -2.79819e-06, -9.55419e-07, 1.66562e-08, -4.96587e-08
19.026, 19.2763, 0.929951, 0.326761, -0.00569594, 0.0165023, -2.78985e-06, -9.80283e-07, 1.70878e-08, -4.9507e-08
19.5267, 19.777, 0.927099, 0.335023, -0.00583933, 0.0164505, -2.7813e-06, -1.00507e-06, 1.7518e-08, -4.93516e-08
20.0274, 20.2777, 0.924175, 0.34326, -0.00598223, 0.0163974, -2.77253e-06, -1.02978e-06, 1.79467e-08, -4.91923e-08
20.528, 20.7784, 0.92118, 0.35147, -0.00612463, 0.0163431, -2.76354e-06, -1.05441e-06, 1.83739e-08, -4.90294e-08
21.0287, 21.2791, 0.918114, 0.359653, -0.00626651, 0.0162875, -2.75434e-06, -1.07896e-06, 1.87995e-08, -4.88626e-08
21.5294, 21.7798, 0.914976, 0.367807, -0.00640787, 0.0162307, -2.74493e-06, -1.10342e-06, 1.92236e-08, -4.86921e-08
22.0301, 22.2804, 0.911768, 0.375934, -0.00654869, 0.0161726, -2.7353e-06, -1.1278e-06, 1.96461e-08, -4.85179e-08
22.5308, 22.7811, 0.908489, 0.384031, -0.00668897, 0.0161134, -2.72547e-06, -1.15209e-06, 2.00669e-08, -4.83401e-08
23.0315, 23.2818, 0.90514, 0.392099, -0.00682869, 0.0160528, -2.71542e-06, -1.1763e-06, 2.04861e-08, -4.81585e-08
23.5321, 23.7825, 0.901721, 0.400136, -0.00696784, 0.0159911, -2.70516e-06, -1.20041e-06, 2.09035e-08, -4.79732e-08
24.0328, 24.2832, 0.898232, 0.408143, -0.00710641, 0.0159281, -2.6947e-06, -1.22443e-06, 2.13192e-08, -4.77843e-08
24.5335, 24.7839, 0.894674, 0.416118, -0.00724439, 0.0158639, -2.68402e-06, -1.24835e-06, 2.17332e-08, -4.75918e-08
25.0342, 25.2845, 0.891047, 0.424061, -0.00738177, 0.0157986, -2.67314e-06, -1.27218e-06, 2.21453e-08, -4.73957e-08
25.5349, 25.7852, 0.887351, 0.431971, -0.00751854, 0.015732, -2.66205e-06, -1.29591e-06, 2.25556e-08, -4.71959e-08
26.0356, 26.2859, 0.883587, 0.439847, -0.00765469, 0.0156642, -2.65076e-06, -1.31954e-06, 2.29641e-08, -4.69926e-08
26.5363, 26.7866, 0.879754, 0.44769, -0.0077902, 0.0155952, -2.63926e-06, -1.34307e-06, 2.33706e-08, -4.67857e-08
27.0369, 27.2873, 0.875854, 0.455499, -0.00792507, 0.0155251, -2.62756e-06, -1.3665e-06, 2.37752e-08, -4.65753e-08
27.5376, 27.788, 0.871886, 0.463272, -0.00805929, 0.0154538, -2.61566e-06, -1.38982e-06, 2.41779e-08, -4.63614e-08
28.0383, 28.2886, 0.86785, 0.471009, -0.00819284, 0.0153813, -2.60355e-06, -1.41303e-06, 2.45785e-08, -4.61439e-08
28.539, 28.7893, 0.863748, 0.47871, -0.00832572, 0.0153077, -2.59125e-06, -1.43613e-06, 2.49772e-08, -4.5923e-08
29.0397, 29.29, 0.85958, 0.486375, -0.00845792, 0.0152329, -2.57874e-06, -1.45912e-06, 2.53737e-08, -4.56986e-08
29.5404, 29.7907, 0.855345, 0.494002, -0.00858941, 0.0151569, -2.56604e-06, -1.482e-06, 2.57682e-08, -4.54707e-08
30.041, 30.2914, 0.851045, 0.50159, -0.00872021, 0.0150798, -2.55313e-06, -1.50477e-06, 2.61606e-08, -4.52395e-08
30.5417, 30.7921, 0.846678, 0.509141, -0.00885029, 0.0150016, -2.54004e-06, -1.52742e-06, 2.65509e-08, -4.50048e-08
31.0424, 31.2927, 0.842247, 0.516652, -0.00897964, 0.0149223, -2.52674e-06, -1.54995e-06, 2.69389e-08, -4.47668e-08
31.5431, 31.7934, 0.837751, 0.524123, -0.00910826, 0.0148418, -2.51325e-06, -1.57237e-06, 2.73248e-08, -4.45254e-08
32.0438, 32.2941, 0.833191, 0.531554, -0.00923614, 0.0147602, -2.49957e-06, -1.59466e-06, 2.77084e-08, -4.42806e-08
32.5445, 32.7948, 0.828567, 0.538944, -0.00936326, 0.0146775, -2.4857e-06, -1.61683e-06, 2.80898e-08, -4.40326e-08
33.0451, 33.2955, 0.823879, 0.546293, -0.00948962, 0.0145937, -2.47164e-06, -1.63888e-06, 2.84689e-08, -4.37812e-08
33.5458, 33.7962, 0.819127, 0.5536, -0.00961521, 0.0145089, -2.45738e-06, -1.6608e-06, 2.88456e-08, -4.35266e-08
34.0465, 34.2969, 0.814313, 0.560864, -0.00974001, 0.0144229, -2.44294e-06, -1.68259e-06, 2.922e-08, -4.32687e-08
34.5472, 34.7975, 0.809436, 0.568086, -0.00986402, 0.0143359, -2.42831e-06, -1.70426e-06, 2.95921e-08, -4.30076e-08
35.0479, 35.2982, 0.804498, 0.575263, -0.00998723, 0.0142478, -2.41349e-06, -1.72579e-06, 2.99617e-08, -4.27433e-08
35.5486, 35.7989, 0.799497, 0.582397, -0.0101096, 0.0141586, -2.39849e-06, -1.74719e-06, 3.03289e-08, -4.24758e-08
36.0492, 36.2996, 0.794435, 0.589486, -0.0102312, 0.0140684, -2.38331e-06, -1.76846e-06, 3.06936e-08, -4.22052e-08
36.5499, 36.8003, 0.789313, 0.59653, -0.010352, 0.0139771, -2.36794e-06, -1.78959e-06, 3.10559e-08, -4.19314e-08
37.0506, 37.301, 0.78413, 0.603528, -0.0104719, 0.0138848, -2.35239e-06, -1.81058e-06, 3.14156e-08, -4.16545e-08
37.5513, 37.8016, 0.778887, 0.61048, -0.0105909, 0.0137915, -2.33666e-06, -1.83144e-06, 3.17728e-08, -4.13745e-08
38.052, 38.3023, 0.773584, 0.617385, -0.0107092, 0.0136972, -2.32075e-06, -1.85215e-06, 3.21275e-08, -4.10915e-08
38.5527, 38.803, 0.768222, 0.624243, -0.0108265, 0.0136018, -2.30467e-06, -1.87273e-06, 3.24795e-08, -4.08054e-08
39.0534, 39.3037, 0.762801, 0.631053, -0.010943, 0.0135055, -2.2884e-06, -1.89316e-06, 3.28289e-08, -4.05164e-08
39.554, 39.8044, 0.757322, 0.637815, -0.0110586, 0.0134081, -2.27197e-06, -1.91345e-06, 3.31757e-08, -4.02243e-08
40.0547, 40.3051, 0.751786, 0.644528, -0.0111733, 0.0133098, -2.25536e-06, -1.93358e-06, 3.35198e-08, -3.99293e-08
40.5554, 40.8057, 0.746191, 0.651192, -0.0112871, 0.0132104, -2.23857e-06, -1.95358e-06, 3.38612e-08, -3.96313e-08
41.0561, 41.3064, 0.74054, 0.657807, -0.0114, 0.0131102, -2.22162e-06, -1.97342e-06, 3.41999e-08, -3.93305e-08
41.5568, 41.8071, 0.734832, 0.664371, -0.011512, 0.0130089, -2.2045e-06, -1.99311e-06, 3.45359e-08, -3.90267e-08
42.0575, 42.3078, 0.729068, 0.670884, -0.011623, 0.0129067, -2.18721e-06, -2.01265e-06, 3.48691e-08, -3.87201e-08
42.5581, 42.8085, 0.723249, 0.677346, -0.0117332, 0.0128036, -2.16975e-06, -2.03204e-06, 3.51995e-08, -3.84107e-08
43.0588, 43.3092, 0.717374, 0.683757, -0.0118424, 0.0126995, -2.15212e-06, -2.05127e-06, 3.55271e-08, -3.80985e-08
43.5595, 43.8098, 0.711445, 0.690115, -0.0119506, 0.0125945, -2.13434e-06, -2.07035e-06, 3.58518e-08, -3.77834e-08
44.0602, 44.3105, 0.705462, 0.696421, -0.0120579, 0.0124886, -2.11638e-06, -2.08926e-06, 3.61737e-08, -3.74657e-08
44.5609, 44.8112, 0.699424, 0.702674, -0.0121642, 0.0123817, -2.09827e-06, -2.10802e-06, 3.64927e-08, -3.71452e-08
45.0616, 45.3119, 0.693334, 0.708873, -0.0122696, 0.012274, -2.08e-06, -2.12662e-06, 3.68088e-08, -3.6822e-08
45.5622, 45.8126, 0.687191, 0.715018, -0.012374, 0.0121654, -2.06157e-06, -2.14506e-06, 3.7122e-08, -3.64962e-08
46.0629, 46.3133, 0.680995, 0.721109, -0.0124774, 0.0120559, -2.04299e-06, -2.16333e-06, 3.74322e-08, -3.61677e-08
46.5636, 46.814, 0.674748, 0.727146, -0.0125798, 0.0119455, -2.02424e-06, -2.18144e-06, 3.77394e-08, -3.58366e-08
47.0643, 47.3146, 0.66845, 0.733127, -0.0126812, 0.0118343, -2.00535e-06, -2.19938e-06, 3.80437e-08, -3.55029e-08
47.565, 47.8153, 0.6621, 0.739052, -0.0127816, 0.0117222, -1.9863e-06, -2.21716e-06, 3.83449e-08, -3.51667e-08
48.0657, 48.316, 0.655701, 0.744921, -0.012881, 0.0116093, -1.9671e-06, -2.23476e-06, 3.86431e-08, -3.48279e-08
48.5663, 48.8167, 0.649251, 0.750734, -0.0129794, 0.0114955, -1.94775e-06, -2.2522e-06, 3.89382e-08, -3.44866e-08
49.067, 49.3174, 0.642753, 0.756489, -0.0130768, 0.011381, -1.92826e-06, -2.26947e-06, 3.92303e-08, -3.41429e-08
49.5677, 49.8181, 0.636205, 0.762187, -0.0131731, 0.0112656, -1.90862e-06, -2.28656e-06, 3.95192e-08, -3.37967e-08
50.0684, 50.3187, 0.62961, 0.767828, -0.0132684, 0.0111494, -1.88883e-06, -2.30348e-06, 3.98051e-08, -3.34481e-08
50.5691, 50.8194, 0.622967, 0.77341, -0.0133626, 0.0110324, -1.8689e-06, -2.32023e-06, 4.00878e-08, -3.30972e-08
51.0698, 51.3201, 0.616276, 0.778934, -0.0134558, 0.0109146, -1.84883e-06, -2.3368e-06, 4.03673e-08, -3.27438e-08
51.5705, 51.8208, 0.609539, 0.784399, -0.0135479, 0.0107961, -1.82862e-06, -2.3532e-06, 4.06437e-08, -3.23882e-08
52.0711, 52.3215, 0.602756, 0.789804, -0.013639, 0.0106767, -1.80827e-06, -2.36941e-06, 4.09169e-08, -3.20302e-08
52.5718, 52.8222, 0.595927, 0.79515, -0.0137289, 0.0105567, -1.78778e-06, -2.38545e-06, 4.11868e-08, -3.167e-08
53.0725, 53.3228, 0.589053, 0.800435, -0.0138179, 0.0104359, -1.76716e-06, -2.40131e-06, 4.14536e-08, -3.13076e-08
53.5732, 53.8235, 0.582135, 0.805661, -0.0139057, 0.0103143, -1.7464e-06, -2.41698e-06, 4.1717e-08, -3.09429e-08
54.0739, 54.3242, 0.575173, 0.810825, -0.0139924, 0.010192, -1.72552e-06, -2.43247e-06, 4.19773e-08, -3.05761e-08
54.5746, 54.8249, 0.568167, 0.815928, -0.0140781, 0.010069, -1.7045e-06, -2.44778e-06, 4.22342e-08, -3.02071e-08
55.0752, 55.3256, 0.561118, 0.820969, -0.0141626, 0.00994534, -1.68335e-06, -2.46291e-06, 4.24878e-08, -2.9836e-08
55.5759, 55.8263, 0.554027, 0.825949, -0.014246, 0.00982095, -1.66208e-06, -2.47785e-06, 4.27381e-08, -2.94628e-08
56.0766, 56.3269, 0.546894, 0.830866, -0.0143284, 0.00969587, -1.64068e-06, -2.4926e-06, 4.29851e-08, -2.90876e-08
56.5773, 56.8276, 0.53972, 0.83572, -0.0144096, 0.00957012, -1.61916e-06, -2.50716e-06, 4.32288e-08, -2.87104e-08
57.078, 57.3283, 0.532506, 0.840512, -0.0144897, 0.0094437, -1.59752e-06, -2.52154e-06, 4.3469e-08, -2.83311e-08
57.5787, 57.829, 0.525251, 0.84524, -0.0145686, 0.00931663, -1.57575e-06, -2.53572e-06, 4.37059e-08, -2.79499e-08
58.0793, 58.3297, 0.517957, 0.849905, -0.0146465, 0.00918892, -1.55387e-06, -2.54971e-06, 4.39394e-08, -2.75668e-08
58.58, 58.8304, 0.510623, 0.854506, -0.0147232, 0.00906058, -1.53187e-06, -2.56352e-06, 4.41695e-08, -2.71817e-08
59.0807, 59.3311, 0.503252, 0.859042, -0.0147987, 0.00893161, -1.50976e-06, -2.57713e-06, 4.43962e-08, -2.67948e-08
59.5814, 59.8317, 0.495842, 0.863514, -0.0148731, 0.00880202, -1.48753e-06, -2.59054e-06, 4.46194e-08, -2.64061e-08
60.0821, 60.3324, 0.488396, 0.867921, -0.0149464, 0.00867184, -1.46519e-06, -2.60376e-06, 4.48392e-08, -2.60155e-08
60.5828, 60.8331, 0.480912, 0.872263, -0.0150185, 0.00854107, -1.44274e-06, -2.61679e-06, 4.50555e-08, -2.56232e-08
61.0834, 61.3338, 0.473393, 0.876539, -0.0150894, 0.00840971, -1.42018e-06, -2.62962e-06, 4.52683e-08, -2.52291e-08
61.5841, 61.8345, 0.465838, 0.88075, -0.0151592, 0.00827778, -1.39751e-06, -2.64225e-06, 4.54776e-08, -2.48333e-08
62.0848, 62.3352, 0.458248, 0.884895, -0.0152278, 0.0081453, -1.37474e-06, -2.65468e-06, 4.56835e-08, -2.44359e-08
62.5855, 62.8358, 0.450623, 0.888973, -0.0152953, 0.00801226, -1.35187e-06, -2.66692e-06, 4.58858e-08, -2.40368e-08
63.0862, 63.3365, 0.442965, 0.892984, -0.0153615, 0.00787868, -1.3289e-06, -2.67895e-06, 4.60845e-08, -2.36361e-08
63.5869, 63.8372, 0.435274, 0.896929, -0.0154266, 0.00774458, -1.30582e-06, -2.69079e-06, 4.62798e-08, -2.32337e-08
64.0876, 64.3379, 0.42755, 0.900807, -0.0154905, 0.00760996, -1.28265e-06, -2.70242e-06, 4.64715e-08, -2.28299e-08
64.5882, 64.8386, 0.419794, 0.904617, -0.0155532, 0.00747483, -1.25938e-06, -2.71385e-06, 4.66596e-08, -2.24245e-08
65.0889, 65.3393, 0.412007, 0.908359, -0.0156147, 0.00733921, -1.23602e-06, -2.72508e-06, 4.68441e-08, -2.20176e-08
65.5896, 65.8399, 0.404189, 0.912034, -0.015675, 0.0072031, -1.21257e-06, -2.7361e-06, 4.70251e-08, -2.16093e-08
66.0903, 66.3406, 0.396341, 0.91564, -0.0157342, 0.00706652, -1.18902e-06, -2.74692e-06, 4.72025e-08, -2.11996e-08
66.591, 66.8413, 0.388463, 0.919179, -0.0157921, 0.00692947, -1.16539e-06, -2.75754e-06, 4.73762e-08, -2.07884e-08
67.0917, 67.342, 0.380556, 0.922648, -0.0158488, 0.00679197, -1.14167e-06, -2.76794e-06, 4.75464e-08, -2.03759e-08
67.5923, 67.8427, 0.372621, 0.926049, -0.0159043, 0.00665403, -1.11786e-06, -2.77815e-06, 4.77129e-08, -1.99621e-08
68.093, 68.3434, 0.364658, 0.92938, -0.0159586, 0.00651565, -1.09397e-06, -2.78814e-06, 4.78757e-08, -1.9547e-08
68.5937, 68.844, 0.356668, 0.932643, -0.0160117, 0.00637686, -1.07e-06, -2.79793e-06, 4.8035e-08, -1.91306e-08
69.0944, 69.3447, 0.348651, 0.935835, -0.0160635, 0.00623765, -1.04595e-06, -2.80751e-06, 4.81906e-08, -1.8713e-08
69.5951, 69.8454, 0.340608, 0.938958, -0.0161142, 0.00609805, -1.02182e-06, -2.81688e-06, 4.83425e-08, -1.82941e-08
70.0958, 70.3461, 0.33254, 0.942012, -0.0161636, 0.00595806, -9.9762e-07, -2.82603e-06, 4.84908e-08, -1.78742e-08
70.5964, 70.8468, 0.324447, 0.944995, -0.0162118, 0.00581769, -9.73341e-07, -2.83498e-06, 4.86353e-08, -1.74531e-08
71.0971, 71.3475, 0.31633, 0.947908, -0.0162587, 0.00567695, -9.4899e-07, -2.84372e-06, 4.87762e-08, -1.70308e-08
71.5978, 71.8482, 0.30819, 0.95075, -0.0163045, 0.00553586, -9.24569e-07, -2.85225e-06, 4.89134e-08, -1.66076e-08
72.0985, 72.3488, 0.300026, 0.953522, -0.016349, 0.00539442, -9.00079e-07, -2.86056e-06, 4.90469e-08, -1.61833e-08
72.5992, 72.8495, 0.291841, 0.956223, -0.0163923, 0.00525265, -8.75522e-07, -2.86867e-06, 4.91768e-08, -1.57579e-08
73.0999, 73.3502, 0.283633, 0.958852, -0.0164343, 0.00511055, -8.509e-07, -2.87656e-06, 4.93028e-08, -1.53317e-08
73.6005, 73.8509, 0.275405, 0.961411, -0.0164751, 0.00496815, -8.26214e-07, -2.88423e-06, 4.94252e-08, -1.49044e-08
74.1012, 74.3516, 0.267156, 0.963899, -0.0165146, 0.00482544, -8.01468e-07, -2.8917e-06, 4.95439e-08, -1.44763e-08
74.6019, 74.8523, 0.258887, 0.966315, -0.0165529, 0.00468244, -7.76662e-07, -2.89894e-06, 4.96588e-08, -1.40473e-08
75.1026, 75.3529, 0.2506, 0.968659, -0.01659, 0.00453917, -7.51799e-07, -2.90598e-06, 4.977e-08, -1.36175e-08
75.6033, 75.8536, 0.242293, 0.970932, -0.0166258, 0.00439562, -7.2688e-07, -2.9128e-06, 4.98775e-08, -1.31869e-08
76.104, 76.3543, 0.233969, 0.973133, -0.0166604, 0.00425181, -7.01907e-07, -2.9194e-06, 4.99812e-08, -1.27554e-08
76.6047, 76.855, 0.225627, 0.975261, -0.0166937, 0.00410776, -6.76882e-07, -2.92578e-06, 5.00812e-08, -1.23233e-08
77.1053, 77.3557, 0.217269, 0.977318, -0.0167258, 0.00396348, -6.51807e-07, -2.93195e-06, 5.01774e-08, -1.18904e-08
77.606, 77.8564, 0.208895, 0.979303, -0.0167566, 0.00381897, -6.26684e-07, -2.93791e-06, 5.02699e-08, -1.14569e-08
78.1067, 78.357, 0.200505, 0.981215, -0.0167862, 0.00367424, -6.01515e-07, -2.94364e-06, 5.03586e-08, -1.10227e-08
78.6074, 78.8577, 0.1921, 0.983054, -0.0168145, 0.00352931, -5.76301e-07, -2.94916e-06, 5.04436e-08, -1.05879e-08
79.1081, 79.3584, 0.183682, 0.984821, -0.0168416, 0.00338419, -5.51045e-07, -2.95446e-06, 5.05248e-08, -1.01526e-08
79.6088, 79.8591, 0.175249, 0.986516, -0.0168674, 0.00323888, -5.25748e-07, -2.95955e-06, 5.06022e-08, -9.71665e-09
80.1094, 80.3598, 0.166804, 0.988137, -0.016892, 0.00309341, -5.00412e-07, -2.96441e-06, 5.06759e-08, -9.28023e-09
80.6101, 80.8605, 0.158347, 0.989686, -0.0169153, 0.00294778, -4.7504e-07, -2.96906e-06, 5.07458e-08, -8.84333e-09
81.1108, 81.3611, 0.149877, 0.991162, -0.0169373, 0.00280199, -4.49632e-07, -2.97349e-06, 5.08119e-08, -8.40598e-09
81.6115, 81.8618, 0.141397, 0.992565, -0.0169581, 0.00265607, -4.24191e-07, -2.9777e-06, 5.08743e-08, -7.96822e-09
82.1122, 82.3625, 0.132906, 0.993895, -0.0169776, 0.00251002, -3.98719e-07, -2.98168e-06, 5.09329e-08, -7.53007e-09
82.6129, 82.8632, 0.124406, 0.995152, -0.0169959, 0.00236386, -3.73218e-07, -2.98545e-06, 5.09877e-08, -7.09158e-09
83.1135, 83.3639, 0.115896, 0.996335, -0.0170129, 0.00221759, -3.47689e-07, -2.98901e-06, 5.10387e-08, -6.65277e-09
83.6142, 83.8646, 0.107378, 0.997446, -0.0170287, 0.00207122, -3.22135e-07, -2.99234e-06, 5.1086e-08, -6.21367e-09
84.1149, 84.3653, 0.0988523, 0.998483, -0.0170432, 0.00192477, -2.96557e-07, -2.99545e-06, 5.11295e-08, -5.77432e-09
84.6156, 84.8659, 0.0903191, 0.999446, -0.0170564, 0.00177825, -2.70957e-07, -2.99834e-06, 5.11692e-08, -5.33475e-09
85.1163, 85.3666, 0.0817792, 1.00034, -0.0170684, 0.00163166, -2.45338e-07, -3.00101e-06, 5.12052e-08, -4.89499e-09
85.617, 85.8673, 0.0732334, 1.00115, -0.0170791, 0.00148503, -2.197e-07, -3.00346e-06, 5.12374e-08, -4.45508e-09
86.1176, 86.368, 0.0646821, 1.0019, -0.0170886, 0.00133835, -1.94046e-07, -3.00569e-06, 5.12658e-08, -4.01504e-09
86.6183, 86.8687, 0.0561261, 1.00257, -0.0170968, 0.00119164, -1.68378e-07, -3.0077e-06, 5.12904e-08, -3.57491e-09
87.119, 87.3694, 0.047566, 1.00316, -0.0171038, 0.00104491, -1.42698e-07, -3.00949e-06, 5.13113e-08, -3.13472e-09
87.6197, 87.87, 0.0390025, 1.00369, -0.0171095, 0.000898169, -1.17007e-07, -3.01106e-06, 5.13284e-08, -2.69451e-09
88.1204, 88.3707, 0.030436, 1.00414, -0.0171139, 0.000751432, -9.13081e-08, -3.01241e-06, 5.13417e-08, -2.2543e-09
88.6211, 88.8714, 0.0218674, 1.00451, -0.0171171, 0.000604707, -6.56021e-08, -3.01354e-06, 5.13513e-08, -1.81412e-09
89.1218, 89.3721, 0.0132971, 1.00482, -0.017119, 0.000458004, -3.98913e-08, -3.01445e-06, 5.13571e-08, -1.37401e-09
89.6224, 89.8728, 0.00472587, 1.00504, -0.0171197, 0.000311335, -1.41776e-08, -3.01513e-06, 5.13592e-08, -9.34006e-10
90.1231, 90.3735, -0.00384571, 1.0052, -0.0171192, 0.00016471, 1.15371e-08, -3.0156e-06, 5.13575e-08, -4.9413e-10
90.6238, 90.8741, -0.012417, 1.00528, -0.0171174, 1.81392e-05, 3.7251e-08, -3.01585e-06, 5.13521e-08, -5.44176e-11
91.1245, 91.3748, -0.0209874, 1.00529, -0.0171143, -0.000128367, 6.29622e-08, -3.01588e-06, 5.13429e-08, 3.851e-10
91.6252, 91.8755, -0.0295563, 1.00523, -0.01711, -0.000274797, 8.86688e-08, -3.01568e-06, 5.133e-08, 8.24392e-10
92.1259, 92.3762, -0.038123, 1.00509, -0.0171044, -0.000421142, 1.14369e-07, -3.01527e-06, 5.13133e-08, 1.26343e-09
92.6265, 92.8769, -0.0466869, 1.00488, -0.0170977, -0.000567391, 1.40061e-07, -3.01464e-06, 5.1293e-08, 1.70217e-09
93.1272, 93.3776, -0.0552474, 1.0046, -0.0170896, -0.000713532, 1.65742e-07, -3.01379e-06, 5.12689e-08, 2.1406e-09
93.6279, 93.8782, -0.0638039, 1.00424, -0.0170803, -0.000859557, 1.91412e-07, -3.01272e-06, 5.1241e-08, 2.57867e-09
94.1286, 94.3789, -0.0723558, 1.00381, -0.0170698, -0.00100545, 2.17067e-07, -3.01142e-06, 5.12095e-08, 3.01636e-09
94.6293, 94.8796, -0.0809023, 1.0033, -0.0170581, -0.00115121, 2.42707e-07, -3.00991e-06, 5.11742e-08, 3.45364e-09
95.13, 95.3803, -0.089443, 1.00273, -0.0170451, -0.00129682, 2.68329e-07, -3.00818e-06, 5.11352e-08, 3.89047e-09
95.6306, 95.881, -0.0979772, 1.00208, -0.0170309, -0.00144228, 2.93932e-07, -3.00624e-06, 5.10926e-08, 4.32683e-09
96.1313, 96.3817, -0.106504, 1.00136, -0.0170154, -0.00158756, 3.19513e-07, -3.00407e-06, 5.10462e-08, 4.76268e-09
96.632, 96.8824, -0.115024, 1.00056, -0.0169987, -0.00173267, 3.45071e-07, -3.00169e-06, 5.09962e-08, 5.198e-09
97.1327, 97.383, -0.123535, 0.999694, -0.0169808, -0.00187758, 3.70604e-07, -2.99908e-06, 5.09425e-08, 5.63275e-09
97.6334, 97.8837, -0.132037, 0.998754, -0.0169617, -0.0020223, 3.9611e-07, -2.99626e-06, 5.08851e-08, 6.0669e-09
98.1341, 98.3844, -0.140529, 0.997742, -0.0169413, -0.00216681, 4.21587e-07, -2.99323e-06, 5.0824e-08, 6.50042e-09
98.6347, 98.8851, -0.149011, 0.996657, -0.0169198, -0.0023111, 4.47034e-07, -2.98997e-06, 5.07593e-08, 6.93329e-09
99.1354, 99.3858, -0.157483, 0.9955, -0.016897, -0.00245515, 4.72448e-07, -2.9865e-06, 5.06909e-08, 7.36546e-09
99.6361, 99.8865, -0.165943, 0.99427, -0.016873, -0.00259897, 4.97829e-07, -2.98281e-06, 5.06189e-08, 7.79692e-09
100.137, 100.387, -0.174391, 0.992969, -0.0168478, -0.00274254, 5.23173e-07, -2.97891e-06, 5.05433e-08, 8.22763e-09
100.637, 100.888, -0.182826, 0.991596, -0.0168213, -0.00288585, 5.48479e-07, -2.97479e-06, 5.0464e-08, 8.65756e-09
101.138, 101.389, -0.191248, 0.990151, -0.0167937, -0.00302889, 5.73745e-07, -2.97045e-06, 5.03811e-08, 9.08668e-09
101.639, 101.889, -0.199657, 0.988635, -0.0167649, -0.00317166, 5.9897e-07, -2.9659e-06, 5.02946e-08, 9.51497e-09
102.14, 102.39, -0.208051, 0.987047, -0.0167348, -0.00331413, 6.24152e-07, -2.96114e-06, 5.02045e-08, 9.94239e-09
102.64, 102.891, -0.21643, 0.985387, -0.0167036, -0.0034563, 6.49289e-07, -2.95616e-06, 5.01108e-08, 1.03689e-08
103.141, 103.391, -0.224793, 0.983657, -0.0166712, -0.00359817, 6.74378e-07, -2.95097e-06, 5.00136e-08, 1.07945e-08
103.642, 103.892, -0.23314, 0.981855, -0.0166376, -0.00373971, 6.99419e-07, -2.94557e-06, 4.99128e-08, 1.12191e-08
104.142, 104.393, -0.24147, 0.979983, -0.0166028, -0.00388093, 7.2441e-07, -2.93995e-06, 4.98084e-08, 1.16428e-08
104.643, 104.893, -0.249783, 0.97804, -0.0165668, -0.00402181, 7.49348e-07, -2.93412e-06, 4.97004e-08, 1.20654e-08
105.144, 105.394, -0.258077, 0.976026, -0.0165296, -0.00416234, 7.74232e-07, -2.92808e-06, 4.95889e-08, 1.2487e-08
105.644, 105.895, -0.266354, 0.973942, -0.0164913, -0.00430252, 7.99061e-07, -2.92183e-06, 4.94739e-08, 1.29076e-08
106.145, 106.395, -0.274611, 0.971788, -0.0164518, -0.00444233, 8.23832e-07, -2.91536e-06, 4.93554e-08, 1.3327e-08
106.646, 106.896, -0.282848, 0.969564, -0.0164111, -0.00458176, 8.48543e-07, -2.90869e-06, 4.92334e-08, 1.37453e-08
107.146, 107.397, -0.291064, 0.96727, -0.0163693, -0.00472081, 8.73193e-07, -2.90181e-06, 4.91079e-08, 1.41624e-08
107.647, 107.897, -0.29926, 0.964906, -0.0163263, -0.00485946, 8.97781e-07, -2.89472e-06, 4.89789e-08, 1.45784e-08
108.148, 108.398, -0.307435, 0.962473, -0.0162821, -0.00499771, 9.22304e-07, -2.88742e-06, 4.88464e-08, 1.49931e-08
108.648, 108.899, -0.315587, 0.959971, -0.0162368, -0.00513554, 9.4676e-07, -2.87991e-06, 4.87104e-08, 1.54066e-08
109.149, 109.399, -0.323716, 0.957399, -0.0161904, -0.00527295, 9.71149e-07, -2.8722e-06, 4.85711e-08, 1.58188e-08
109.65, 109.9, -0.331823, 0.954759, -0.0161427, -0.00540993, 9.95468e-07, -2.86428e-06, 4.84282e-08, 1.62298e-08
110.15, 110.401, -0.339905, 0.952051, -0.016094, -0.00554646, 1.01972e-06, -2.85615e-06, 4.8282e-08, 1.66394e-08
110.651, 110.902, -0.347963, 0.949274, -0.0160441, -0.00568255, 1.04389e-06, -2.84782e-06, 4.81324e-08, 1.70476e-08
111.152, 111.402, -0.355996, 0.946428, -0.0159931, -0.00581817, 1.06799e-06, -2.83929e-06, 4.79793e-08, 1.74545e-08
111.653, 111.903, -0.364004, 0.943515, -0.015941, -0.00595333, 1.09201e-06, -2.83055e-06, 4.78229e-08, 1.786e-08
112.153, 112.404, -0.371985, 0.940535, -0.0158877, -0.00608801, 1.11595e-06, -2.8216e-06, 4.76631e-08, 1.8264e-08
112.654, 112.904, -0.37994, 0.937486, -0.0158333, -0.0062222, 1.13982e-06, -2.81246e-06, 4.74999e-08, 1.86666e-08
113.155, 113.405, -0.387867, 0.934371, -0.0157778, -0.0063559, 1.1636e-06, -2.80311e-06, 4.73334e-08, 1.90677e-08
113.655, 113.906, -0.395767, 0.931189, -0.0157212, -0.00648909, 1.1873e-06, -2.79357e-06, 4.71636e-08, 1.94673e-08
114.156, 114.406, -0.403638, 0.92794, -0.0156635, -0.00662177, 1.21091e-06, -2.78382e-06, 4.69905e-08, 1.98653e-08
114.657, 114.907, -0.411481, 0.924624, -0.0156047, -0.00675392, 1.23444e-06, -2.77387e-06, 4.6814e-08, 2.02618e-08
115.157, 115.408, -0.419294, 0.921243, -0.0155448, -0.00688554, 1.25788e-06, -2.76373e-06, 4.66343e-08, 2.06566e-08
115.658, 115.908, -0.427077, 0.917795, -0.0154838, -0.00701663, 1.28123e-06, -2.75339e-06, 4.64513e-08, 2.10499e-08
116.159, 116.409, -0.434829, 0.914282, -0.0154217, -0.00714716, 1.30449e-06, -2.74285e-06, 4.62651e-08, 2.14415e-08
116.659, 116.91, -0.442551, 0.910704, -0.0153585, -0.00727714, 1.32765e-06, -2.73211e-06, 4.60756e-08, 2.18314e-08
117.16, 117.41, -0.45024, 0.90706, -0.0152943, -0.00740655, 1.35072e-06, -2.72118e-06, 4.58829e-08, 2.22197e-08
117.661, 117.911, -0.457898, 0.903352, -0.015229, -0.00753539, 1.37369e-06, -2.71006e-06, 4.5687e-08, 2.26062e-08
118.161, 118.412, -0.465523, 0.899579, -0.0151626, -0.00766364, 1.39657e-06, -2.69874e-06, 4.54879e-08, 2.29909e-08
118.662, 118.912, -0.473115, 0.895742, -0.0150952, -0.00779131, 1.41934e-06, -2.68723e-06, 4.52856e-08, 2.33739e-08
119.163, 119.413, -0.480672, 0.891841, -0.0150267, -0.00791837, 1.44202e-06, -2.67552e-06, 4.50801e-08, 2.37551e-08
119.663, 119.914, -0.488196, 0.887876, -0.0149572, -0.00804482, 1.46459e-06, -2.66363e-06, 4.48715e-08, 2.41345e-08
120.164, 120.415, -0.495685, 0.883848, -0.0148866, -0.00817066, 1.48705e-06, -2.65155e-06, 4.46598e-08, 2.4512e-08
120.665, 120.915, -0.503138, 0.879758, -0.014815, -0.00829588, 1.50942e-06, -2.63927e-06, 4.4445e-08, 2.48876e-08
121.166, 121.416, -0.510556, 0.875604, -0.0147423, -0.00842046, 1.53167e-06, -2.62681e-06, 4.4227e-08, 2.52614e-08
121.666, 121.917, -0.517937, 0.871388, -0.0146687, -0.0085444, 1.55381e-06, -2.61416e-06, 4.4006e-08, 2.56332e-08
122.167, 122.417, -0.525282, 0.86711, -0.014594, -0.00866769, 1.57584e-06, -2.60133e-06, 4.3782e-08, 2.60031e-08
122.668, 122.918, -0.532589, 0.86277, -0.0145183, -0.00879033, 1.59777e-06, -2.58831e-06, 4.35549e-08, 2.6371e-08
123.168, 123.419, -0.539858, 0.858369, -0.0144416, -0.0089123, 1.61957e-06, -2.57511e-06, 4.33247e-08, 2.67369e-08
123.669, 123.919, -0.547088, 0.853907, -0.0143639, -0.00903359, 1.64127e-06, -2.56172e-06, 4.30916e-08, 2.71008e-08
124.17, 124.42, -0.55428, 0.849384, -0.0142852, -0.00915421, 1.66284e-06, -2.54815e-06, 4.28555e-08, 2.74626e-08
124.67, 124.921, -0.561432, 0.8448, -0.0142055, -0.00927414, 1.6843e-06, -2.5344e-06, 4.26164e-08, 2.78224e-08
125.171, 125.421, -0.568545, 0.840157, -0.0141248, -0.00939337, 1.70563e-06, -2.52047e-06, 4.23743e-08, 2.81801e-08
125.672, 125.922, -0.575617, 0.835454, -0.0140431, -0.0095119, 1.72685e-06, -2.50636e-06, 4.21293e-08, 2.85357e-08
126.172, 126.423, -0.582648, 0.830691, -0.0139605, -0.00962972, 1.74794e-06, -2.49207e-06, 4.18814e-08, 2.88892e-08
126.673, 126.923, -0.589638, 0.82587, -0.0138769, -0.00974681, 1.76891e-06, -2.47761e-06, 4.16306e-08, 2.92404e-08
127.174, 127.424, -0.596586, 0.82099, -0.0137923, -0.00986319, 1.78976e-06, -2.46297e-06, 4.13769e-08, 2.95896e-08
127.674, 127.925, -0.603491, 0.816052, -0.0137068, -0.00997882, 1.81047e-06, -2.44815e-06, 4.11203e-08, 2.99365e-08
128.175, 128.425, -0.610354, 0.811055, -0.0136203, -0.0100937, 1.83106e-06, -2.43317e-06, 4.0861e-08, 3.02812e-08
128.676, 128.926, -0.617174, 0.806002, -0.0135329, -0.0102079, 1.85152e-06, -2.418e-06, 4.05987e-08, 3.06236e-08
129.176, 129.427, -0.623949, 0.800891, -0.0134446, -0.0103213, 1.87185e-06, -2.40267e-06, 4.03337e-08, 3.09638e-08
129.677, 129.927, -0.630681, 0.795723, -0.0133553, -0.0104339, 1.89204e-06, -2.38717e-06, 4.00659e-08, 3.13016e-08
130.178, 130.428, -0.637368, 0.790499, -0.0132651, -0.0105457, 1.9121e-06, -2.3715e-06, 3.97954e-08, 3.16372e-08
130.679, 130.929, -0.644009, 0.785219, -0.013174, -0.0106568, 1.93203e-06, -2.35566e-06, 3.95221e-08, 3.19704e-08
131.179, 131.43, -0.650605, 0.779883, -0.013082, -0.0107671, 1.95182e-06, -2.33965e-06, 3.9246e-08, 3.23013e-08
131.68, 131.93, -0.657155, 0.774492, -0.0129891, -0.0108766, 1.97147e-06, -2.32348e-06, 3.89673e-08, 3.26298e-08
132.181, 132.431, -0.663659, 0.769046, -0.0128953, -0.0109853, 1.99098e-06, -2.30714e-06, 3.86859e-08, 3.29559e-08
132.681, 132.932, -0.670115, 0.763546, -0.0128006, -0.0110932, 2.01035e-06, -2.29064e-06, 3.84018e-08, 3.32796e-08
133.182, 133.432, -0.676524, 0.757992, -0.012705, -0.0112003, 2.02957e-06, -2.27398e-06, 3.81151e-08, 3.36009e-08
133.683, 133.933, -0.682885, 0.752384, -0.0126086, -0.0113065, 2.04866e-06, -2.25715e-06, 3.78257e-08, 3.39196e-08
134.183, 134.434, -0.689198, 0.746723, -0.0125113, -0.011412, 2.06759e-06, -2.24017e-06, 3.75338e-08, 3.4236e-08
134.684, 134.934, -0.695462, 0.741009, -0.0124131, -0.0115166, 2.08639e-06, -2.22303e-06, 3.72393e-08, 3.45498e-08
135.185, 135.435, -0.701678, 0.735243, -0.0123141, -0.0116204, 2.10503e-06, -2.20573e-06, 3.69422e-08, 3.48611e-08
135.685, 135.936, -0.707843, 0.729425, -0.0122142, -0.0117233, 2.12353e-06, -2.18828e-06, 3.66426e-08, 3.51698e-08
136.186, 136.436, -0.713958, 0.723556, -0.0121135, -0.0118253, 2.14188e-06, -2.17067e-06, 3.63404e-08, 3.5476e-08
136.687, 136.937, -0.720023, 0.717635, -0.0120119, -0.0119265, 2.16007e-06, -2.1529e-06, 3.60358e-08, 3.57796e-08
137.187, 137.438, -0.726038, 0.711663, -0.0119096, -0.0120269, 2.17811e-06, -2.13499e-06, 3.57287e-08, 3.60806e-08
137.688, 137.938, -0.732001, 0.705642, -0.0118064, -0.0121263, 2.196e-06, -2.11693e-06, 3.54192e-08, 3.6379e-08
138.189, 138.439, -0.737912, 0.69957, -0.0117024, -0.0122249, 2.21374e-06, -2.09871e-06, 3.51072e-08, 3.66748e-08
138.689, 138.94, -0.743771, 0.693449, -0.0115976, -0.0123226, 2.23131e-06, -2.08035e-06, 3.47928e-08, 3.69679e-08
139.19, 139.44, -0.749578, 0.68728, -0.011492, -0.0124195, 2.24873e-06, -2.06184e-06, 3.4476e-08, 3.72584e-08
139.691, 139.941, -0.755332, 0.681061, -0.0113856, -0.0125154, 2.26599e-06, -2.04318e-06, 3.41569e-08, 3.75461e-08
140.192, 140.442, -0.761032, 0.674795, -0.0112785, -0.0126104, 2.2831e-06, -2.02439e-06, 3.38354e-08, 3.78312e-08
140.692, 140.943, -0.766679, 0.668481, -0.0111706, -0.0127045, 2.30004e-06, -2.00544e-06, 3.35117e-08, 3.81135e-08
141.193, 141.443, -0.772272, 0.66212, -0.0110619, -0.0127977, 2.31682e-06, -1.98636e-06, 3.31856e-08, 3.83931e-08
141.694, 141.944, -0.777811, 0.655713, -0.0109524, -0.01289, 2.33343e-06, -1.96714e-06, 3.28572e-08, 3.86699e-08
142.194, 142.445, -0.783294, 0.649259, -0.0108422, -0.0129813, 2.34988e-06, -1.94778e-06, 3.25266e-08, 3.89439e-08
142.695, 142.945, -0.788723, 0.642759, -0.0107313, -0.0130717, 2.36617e-06, -1.92828e-06, 3.21938e-08, 3.92151e-08
143.196, 143.446, -0.794096, 0.636215, -0.0106196, -0.0131612, 2.38229e-06, -1.90864e-06, 3.18588e-08, 3.94835e-08
143.696, 143.947, -0.799413, 0.629625, -0.0105072, -0.0132497, 2.39824e-06, -1.88888e-06, 3.15216e-08, 3.97491e-08
144.197, 144.447, -0.804674, 0.622991, -0.0103941, -0.0133373, 2.41402e-06, -1.86897e-06, 3.11822e-08, 4.00119e-08
144.698, 144.948, -0.809878, 0.616313, -0.0102802, -0.0134239, 2.42963e-06, -1.84894e-06, 3.08407e-08, 4.02717e-08
145.198, 145.449, -0.815025, 0.609592, -0.0101657, -0.0135096, 2.44507e-06, -1.82878e-06, 3.04971e-08, 4.05287e-08
145.699, 145.949, -0.820115, 0.602828, -0.0100505, -0.0135943, 2.46034e-06, -1.80848e-06, 3.01514e-08, 4.07828e-08
146.2, 146.45, -0.825147, 0.596022, -0.00993455, -0.013678, 2.47544e-06, -1.78807e-06, 2.98036e-08, 4.1034e-08
146.7, 146.951, -0.830121, 0.589173, -0.00981795, -0.0137608, 2.49036e-06, -1.76752e-06, 2.94539e-08, 4.12823e-08
147.201, 147.451, -0.835037, 0.582284, -0.00970069, -0.0138425, 2.50511e-06, -1.74685e-06, 2.91021e-08, 4.15276e-08
147.702, 147.952, -0.839894, 0.575353, -0.00958276, -0.0139233, 2.51968e-06, -1.72606e-06, 2.87483e-08, 4.177e-08
148.202, 148.453, -0.844692, 0.568382, -0.00946417, -0.0140031, 2.53407e-06, -1.70515e-06, 2.83925e-08, 4.20093e-08
148.703, 148.953, -0.84943, 0.561371, -0.00934494, -0.0140819, 2.54829e-06, -1.68411e-06, 2.80348e-08, 4.22457e-08
149.204, 149.454, -0.854109, 0.55432, -0.00922507, -0.0141597, 2.56233e-06, -1.66296e-06, 2.76752e-08, 4.24791e-08
149.705, 149.955, -0.858728, 0.54723, -0.00910457, -0.0142365, 2.57618e-06, -1.64169e-06, 2.73137e-08, 4.27095e-08
150.205, 150.456, -0.863286, 0.540102, -0.00898344, -0.0143123, 2.58986e-06, -1.62031e-06, 2.69503e-08, 4.29368e-08
150.706, 150.956, -0.867784, 0.532937, -0.00886171, -0.014387, 2.60335e-06, -1.59881e-06, 2.65851e-08, 4.31611e-08
151.207, 151.457, -0.872221, 0.525733, -0.00873936, -0.0144608, 2.61666e-06, -1.5772e-06, 2.62181e-08, 4.33824e-08
151.707, 151.958, -0.876597, 0.518493, -0.00861642, -0.0145335, 2.62979e-06, -1.55548e-06, 2.58493e-08, 4.36005e-08
152.208, 152.458, -0.880911, 0.511216, -0.00849289, -0.0146052, 2.64273e-06, -1.53365e-06, 2.54787e-08, 4.38156e-08
152.709, 152.959, -0.885163, 0.503904, -0.00836878, -0.0146758, 2.65549e-06, -1.51171e-06, 2.51064e-08, 4.40275e-08
153.209, 153.46, -0.889353, 0.496556, -0.0082441, -0.0147455, 2.66806e-06, -1.48967e-06, 2.47323e-08, 4.42364e-08
153.71, 153.96, -0.893481, 0.489173, -0.00811886, -0.014814, 2.68044e-06, -1.46752e-06, 2.43566e-08, 4.44421e-08
154.211, 154.461, -0.897546, 0.481756, -0.00799305, -0.0148816, 2.69264e-06, -1.44527e-06, 2.39792e-08, 4.46447e-08
154.711, 154.962, -0.901548, 0.474305, -0.0078667, -0.014948, 2.70464e-06, -1.42291e-06, 2.36001e-08, 4.48441e-08
155.212, 155.462, -0.905487, 0.466821, -0.00773982, -0.0150134, 2.71646e-06, -1.40046e-06, 2.32195e-08, 4.50403e-08
155.713, 155.963, -0.909362, 0.459304, -0.0076124, -0.0150778, 2.72809e-06, -1.37791e-06, 2.28372e-08, 4.52334e-08
156.213, 156.464, -0.913173, 0.451754, -0.00748446, -0.0151411, 2.73952e-06, -1.35526e-06, 2.24534e-08, 4.54233e-08
156.714, 156.964, -0.916921, 0.444173, -0.00735601, -0.0152033, 2.75076e-06, -1.33252e-06, 2.2068e-08, 4.56099e-08
157.215, 157.465, -0.920604, 0.436561, -0.00722705, -0.0152645, 2.76181e-06, -1.30968e-06, 2.16812e-08, 4.57934e-08
157.715, 157.966, -0.924222, 0.428919, -0.0070976, -0.0153245, 2.77267e-06, -1.28676e-06, 2.12928e-08, 4.59736e-08
158.216, 158.466, -0.927776, 0.421246, -0.00696767, -0.0153835, 2.78333e-06, -1.26374e-06, 2.0903e-08, 4.61506e-08
158.717, 158.967, -0.931264, 0.413544, -0.00683725, -0.0154415, 2.79379e-06, -1.24063e-06, 2.05117e-08, 4.63244e-08
159.218, 159.468, -0.934688, 0.405812, -0.00670636, -0.0154983, 2.80406e-06, -1.21744e-06, 2.01191e-08, 4.64948e-08
159.718, 159.969, -0.938045, 0.398053, -0.00657502, -0.015554, 2.81414e-06, -1.19416e-06, 1.97251e-08, 4.6662e-08
160.219, 160.469, -0.941337, 0.390265, -0.00644322, -0.0156087, 2.82401e-06, -1.17079e-06, 1.93297e-08, 4.6826e-08
160.72, 160.97, -0.944563, 0.38245, -0.00631098, -0.0156622, 2.83369e-06, -1.14735e-06, 1.89329e-08, 4.69866e-08
161.22, 161.471, -0.947723, 0.374608, -0.0061783, -0.0157146, 2.84317e-06, -1.12382e-06, 1.85349e-08, 4.71439e-08
161.721, 161.971, -0.950817, 0.36674, -0.0060452, -0.015766, 2.85245e-06, -1.10022e-06, 1.81356e-08, 4.72979e-08
162.222, 162.472, -0.953843, 0.358846, -0.00591169, -0.0158162, 2.86153e-06, -1.07654e-06, 1.77351e-08, 4.74486e-08
162.722, 162.973, -0.956803, 0.350927, -0.00577776, -0.0158653, 2.87041e-06, -1.05278e-06, 1.73333e-08, 4.7596e-08
163.223, 163.473, -0.959696, 0.342984, -0.00564344, -0.0159133, 2.87909e-06, -1.02895e-06, 1.69303e-08, 4.774e-08
163.724, 163.974, -0.962522, 0.335016, -0.00550873, -0.0159602, 2.88756e-06, -1.00505e-06, 1.65262e-08, 4.78807e-08
164.224, 164.475, -0.96528, 0.327025, -0.00537363, -0.016006, 2.89584e-06, -9.81076e-07, 1.61209e-08, 4.8018e-08
164.725, 164.975, -0.96797, 0.319011, -0.00523817, -0.0160506, 2.90391e-06, -9.57034e-07, 1.57145e-08, 4.81519e-08
165.226, 165.476, -0.970593, 0.310975, -0.00510234, -0.0160942, 2.91178e-06, -9.32925e-07, 1.5307e-08, 4.82825e-08
165.726, 165.977, -0.973148, 0.302917, -0.00496616, -0.0161365, 2.91944e-06, -9.08751e-07, 1.48985e-08, 4.84096e-08
166.227, 166.477, -0.975634, 0.294838, -0.00482963, -0.0161778, 2.9269e-06, -8.84513e-07, 1.44889e-08, 4.85334e-08
166.728, 166.978, -0.978052, 0.286738, -0.00469277, -0.0162179, 2.93416e-06, -8.60213e-07, 1.40783e-08, 4.86538e-08
167.228, 167.479, -0.980402, 0.278618, -0.00455558, -0.0162569, 2.94121e-06, -8.35853e-07, 1.36667e-08, 4.87708e-08
167.729, 167.979, -0.982683, 0.270478, -0.00441807, -0.0162948, 2.94805e-06, -8.11434e-07, 1.32542e-08, 4.88843e-08
168.23, 168.48, -0.984895, 0.262319, -0.00428026, -0.0163315, 2.95468e-06, -7.86958e-07, 1.28408e-08, 4.89944e-08
168.731, 168.981, -0.987038, 0.254143, -0.00414214, -0.016367, 2.96111e-06, -7.62428e-07, 1.24264e-08, 4.91011e-08
169.231, 169.482, -0.989112, 0.245948, -0.00400374, -0.0164014, 2.96734e-06, -7.37844e-07, 1.20112e-08, 4.92043e-08
169.732, 169.982, -0.991116, 0.237736, -0.00386505, -0.0164347, 2.97335e-06, -7.13208e-07, 1.15952e-08, 4.93041e-08
170.233, 170.483, -0.993051, 0.229507, -0.00372609, -0.0164668, 2.97915e-06, -6.88522e-07, 1.11783e-08, 4.94005e-08
170.733, 170.984, -0.994917, 0.221263, -0.00358687, -0.0164978, 2.98475e-06, -6.63788e-07, 1.07606e-08, 4.94934e-08
171.234, 171.484, -0.996713, 0.213002, -0.0034474, -0.0165276, 2.99014e-06, -6.39007e-07, 1.03422e-08, 4.95828e-08
171.735, 171.985, -0.998439, 0.204727, -0.00330768, -0.0165562, 2.99532e-06, -6.14182e-07, 9.92304e-09, 4.96687e-08
172.235, 172.486, -1.0001, 0.196438, -0.00316773, -0.0165837, 3.00029e-06, -5.89314e-07, 9.50319e-09, 4.97512e-08
172.736, 172.986, -1.00168, 0.188135, -0.00302755, -0.0166101, 3.00504e-06, -5.64404e-07, 9.08265e-09, 4.98302e-08
173.237, 173.487, -1.0032, 0.179818, -0.00288716, -0.0166352, 3.00959e-06, -5.39455e-07, 8.66147e-09, 4.99057e-08
173.737, 173.988, -1.00464, 0.171489, -0.00274655, -0.0166592, 3.01393e-06, -5.14468e-07, 8.23966e-09, 4.99777e-08
174.238, 174.488, -1.00602, 0.163148, -0.00260575, -0.0166821, 3.01805e-06, -4.89445e-07, 7.81726e-09, 5.00462e-08
174.739, 174.989, -1.00732, 0.154796, -0.00246477, -0.0167037, 3.02197e-06, -4.64388e-07, 7.3943e-09, 5.01112e-08
175.239, 175.49, -1.00856, 0.146433, -0.0023236, -0.0167242, 3.02567e-06, -4.39298e-07, 6.9708e-09, 5.01727e-08
175.74, 175.99, -1.00972, 0.138059, -0.00218226, -0.0167435, 3.02916e-06, -4.14177e-07, 6.54679e-09, 5.02306e-08
176.241, 176.491, -1.01081, 0.129676, -0.00204076, -0.0167617, 3.03244e-06, -3.89027e-07, 6.12229e-09, 5.02851e-08
176.741, 176.992, -1.01183, 0.121283, -0.00189912, -0.0167787, 3.0355e-06, -3.6385e-07, 5.69735e-09, 5.0336e-08
177.242, 177.492, -1.01279, 0.112883, -0.00175733, -0.0167945, 3.03836e-06, -3.38648e-07, 5.27198e-09, 5.03835e-08
177.743, 177.993, -1.01366, 0.104474, -0.0016154, -0.0168091, 3.04099e-06, -3.13422e-07, 4.84621e-09, 5.04273e-08
178.244, 178.494, -1.01447, 0.0960579, -0.00147336, -0.0168226, 3.04342e-06, -2.88174e-07, 4.42007e-09, 5.04677e-08
178.744, 178.995, -1.01521, 0.0876351, -0.0013312, -0.0168348, 3.04563e-06, -2.62905e-07, 3.99359e-09, 5.05045e-08
179.245, 179.495, -1.01588, 0.0792062, -0.00118893, -0.0168459, 3.04763e-06, -2.37619e-07, 3.5668e-09, 5.05378e-08
179.746, 179.996, -1.01647, 0.0707717, -0.00104658, -0.0168558, 3.04942e-06, -2.12315e-07, 3.13973e-09, 5.05675e-08
180.246, 180.497, -1.017, 0.0623322, -0.000904134, -0.0168646, 3.05099e-06, -1.86997e-07, 2.7124e-09, 5.05937e-08
180.747, 180.997, -1.01745, 0.0538884, -0.000761615, -0.0168721, 3.05235e-06, -1.61665e-07, 2.28484e-09, 5.06163e-08
181.248, 181.498, -1.01783, 0.0454408, -0.000619029, -0.0168785, 3.05349e-06, -1.36322e-07, 1.85709e-09, 5.06354e-08
181.748, 181.999, -1.01814, 0.03699, -0.000476387, -0.0168837, 3.05442e-06, -1.1097e-07, 1.42916e-09, 5.0651e-08
182.249, 182.499, -1.01838, 0.0285367, -0.000333697, -0.0168877, 3.05514e-06, -8.561e-08, 1.00109e-09, 5.0663e-08
182.75, 183, -1.01855, 0.0200813, -0.000190969, -0.0168905, 3.05564e-06, -6.02438e-08, 5.72907e-10, 5.06714e-08
183.25, 183.501, -1.01864, 0.0116245, -4.82124e-05, -0.0168921, 3.05593e-06, -3.48735e-08, 1.44637e-10, 5.06763e-08
183.751, 184.001, -1.01867, 0.00316688, 9.45631e-05, -0.0168925, 3.056e-06, -9.50063e-09, -2.83689e-10, 5.06776e-08
184.252, 184.502, -1.01862, -0.00529095, 0.000237348, -0.0168918, 3.05586e-06, 1.58729e-08, -7.12044e-10, 5.06754e-08
184.752, 185.003, -1.0185, -0.0137484, 0.000380133, -0.0168899, 3.0555e-06, 4.12452e-08, -1.1404e-09, 5.06696e-08
185.253, 185.503, -1.01831, -0.0222049, 0.000522909, -0.0168868, 3.05493e-06, 6.66147e-08, -1.56873e-09, 5.06603e-08
185.754, 186.004, -1.01805, -0.0306598, 0.000665666, -0.0168825, 3.05414e-06, 9.19795e-08, -1.997e-09, 5.06474e-08
186.254, 186.505, -1.01771, -0.0391126, 0.000808394, -0.016877, 3.05314e-06, 1.17338e-07, -2.42518e-09, 5.06309e-08
186.755, 187.005, -1.01731, -0.0475627, 0.000951084, -0.0168703, 3.05193e-06, 1.42688e-07, -2.85325e-09, 5.06109e-08
187.256, 187.506, -1.01683, -0.0560093, 0.00109373, -0.0168625, 3.0505e-06, 1.68028e-07, -3.28118e-09, 5.05874e-08
187.756, 188.007, -1.01629, -0.0644521, 0.00123631, -0.0168534, 3.04886e-06, 1.93356e-07, -3.70894e-09, 5.05602e-08
188.257, 188.508, -1.01567, -0.0728903, 0.00137883, -0.0168432, 3.047e-06, 2.18671e-07, -4.1365e-09, 5.05295e-08
188.758, 189.008, -1.01498, -0.0813235, 0.00152128, -0.0168318, 3.04493e-06, 2.4397e-07, -4.56383e-09, 5.04953e-08
189.259, 189.509, -1.01422, -0.0897509, 0.00166363, -0.0168192, 3.04265e-06, 2.69253e-07, -4.9909e-09, 5.04575e-08
189.759, 190.01, -1.01338, -0.0981719, 0.0018059, -0.0168054, 3.04015e-06, 2.94516e-07, -5.41769e-09, 5.04162e-08
190.26, 190.51, -1.01248, -0.106586, 0.00194806, -0.0167904, 3.03743e-06, 3.19758e-07, -5.84417e-09, 5.03713e-08
190.761, 191.011, -1.0115, -0.114993, 0.0020901, -0.0167743, 3.03451e-06, 3.44978e-07, -6.2703e-09, 5.03228e-08
191.261, 191.512, -1.01046, -0.123391, 0.00223202, -0.0167569, 3.03137e-06, 3.70174e-07, -6.69606e-09, 5.02708e-08
191.762, 192.012, -1.00934, -0.131781, 0.00237381, -0.0167384, 3.02802e-06, 3.95344e-07, -7.12143e-09, 5.02153e-08
192.263, 192.513, -1.00815, -0.140162, 0.00251545, -0.0167187, 3.02445e-06, 4.20486e-07, -7.54636e-09, 5.01562e-08
192.763, 193.014, -1.00689, -0.148533, 0.00265695, -0.0166979, 3.02067e-06, 4.45599e-07, -7.97084e-09, 5.00936e-08
193.264, 193.514, -1.00556, -0.156893, 0.00279828, -0.0166758, 3.01668e-06, 4.7068e-07, -8.39484e-09, 5.00275e-08
193.765, 194.015, -1.00416, -0.165243, 0.00293944, -0.0166526, 3.01248e-06, 4.95728e-07, -8.81832e-09, 4.99578e-08
194.265, 194.516, -1.00269, -0.17358, 0.00308042, -0.0166282, 3.00806e-06, 5.20741e-07, -9.24126e-09, 4.98845e-08
194.766, 195.016, -1.00115, -0.181906, 0.00322121, -0.0166026, 3.00344e-06, 5.45717e-07, -9.66363e-09, 4.98078e-08
195.267, 195.517, -0.999533, -0.190218, 0.0033618, -0.0165758, 2.9986e-06, 5.70655e-07, -1.00854e-08, 4.97275e-08
195.767, 196.018, -0.997849, -0.198518, 0.00350218, -0.0165479, 2.99355e-06, 5.95553e-07, -1.05065e-08, 4.96438e-08
196.268, 196.518, -0.996096, -0.206803, 0.00364234, -0.0165188, 2.98829e-06, 6.20409e-07, -1.0927e-08, 4.95565e-08
196.769, 197.019, -0.994272, -0.215074, 0.00378228, -0.0164885, 2.98282e-06, 6.45221e-07, -1.13468e-08, 4.94656e-08
197.269, 197.52, -0.992379, -0.223329, 0.00392197, -0.0164571, 2.97714e-06, 6.69987e-07, -1.17659e-08, 4.93713e-08
197.77, 198.021, -0.990415, -0.231569, 0.00406142, -0.0164245, 2.97124e-06, 6.94707e-07, -1.21843e-08, 4.92735e-08
198.271, 198.521, -0.988381, -0.239792, 0.00420061, -0.0163907, 2.96514e-06, 7.19377e-07, -1.26018e-08, 4.91722e-08
198.772, 199.022, -0.986278, -0.247999, 0.00433954, -0.0163558, 2.95883e-06, 7.43997e-07, -1.30186e-08, 4.90674e-08
199.272, 199.523, -0.984105, -0.256188, 0.00447819, -0.0163197, 2.95232e-06, 7.68564e-07, -1.34346e-08, 4.89591e-08
199.773, 200.023, -0.981863, -0.264359, 0.00461656, -0.0162825, 2.94559e-06, 7.93077e-07, -1.38497e-08, 4.88474e-08
200.274, 200.524, -0.979552, -0.272511, 0.00475463, -0.016244, 2.93866e-06, 8.17534e-07, -1.42639e-08, 4.87321e-08
200.774, 201.025, -0.977171, -0.280645, 0.0048924, -0.0162045, 2.93151e-06, 8.41934e-07, -1.46772e-08, 4.86134e-08
201.275, 201.525, -0.974722, -0.288758, 0.00502985, -0.0161638, 2.92417e-06, 8.66274e-07, -1.50896e-08, 4.84913e-08
201.776, 202.026, -0.972203, -0.296851, 0.00516699, -0.0161219, 2.91661e-06, 8.90553e-07, -1.5501e-08, 4.83657e-08
202.276, 202.527, -0.969616, -0.304923, 0.00530379, -0.0160789, 2.90885e-06, 9.14768e-07, -1.59114e-08, 4.82366e-08
202.777, 203.027, -0.966961, -0.312973, 0.00544025, -0.0160347, 2.90088e-06, 9.3892e-07, -1.63207e-08, 4.81041e-08
203.278, 203.528, -0.964237, -0.321002, 0.00557636, -0.0159894, 2.89271e-06, 9.63005e-07, -1.67291e-08, 4.79682e-08
203.778, 204.029, -0.961445, -0.329007, 0.00571211, -0.0159429, 2.88434e-06, 9.87022e-07, -1.71363e-08, 4.78288e-08
204.279, 204.529, -0.958585, -0.33699, 0.00584749, -0.0158953, 2.87576e-06, 1.01097e-06, -1.75425e-08, 4.7686e-08
204.78, 205.03, -0.955657, -0.344948, 0.00598249, -0.0158466, 2.86697e-06, 1.03484e-06, -1.79475e-08, 4.75398e-08
205.28, 205.531, -0.952662, -0.352882, 0.0061171, -0.0157967, 2.85799e-06, 1.05865e-06, -1.83513e-08, 4.73902e-08
205.781, 206.031, -0.949599, -0.360791, 0.00625131, -0.0157458, 2.8488e-06, 1.08237e-06, -1.87539e-08, 4.72373e-08
206.282, 206.532, -0.946469, -0.368675, 0.00638512, -0.0156936, 2.83941e-06, 1.10603e-06, -1.91554e-08, 4.70809e-08
206.782, 207.033, -0.943272, -0.376533, 0.00651852, -0.0156404, 2.82982e-06, 1.1296e-06, -1.95555e-08, 4.69211e-08
207.283, 207.534, -0.940009, -0.384364, 0.00665148, -0.015586, 2.82003e-06, 1.15309e-06, -1.99545e-08, 4.6758e-08
207.784, 208.034, -0.936678, -0.392167, 0.00678402, -0.0155305, 2.81004e-06, 1.1765e-06, -2.0352e-08, 4.65916e-08
208.285, 208.535, -0.933282, -0.399943, 0.00691611, -0.0154739, 2.79985e-06, 1.19983e-06, -2.07483e-08, 4.64218e-08
208.785, 209.036, -0.929819, -0.407691, 0.00704774, -0.0154162, 2.78946e-06, 1.22307e-06, -2.11432e-08, 4.62486e-08
209.286, 209.536, -0.92629, -0.415409, 0.00717892, -0.0153574, 2.77887e-06, 1.24623e-06, -2.15368e-08, 4.60721e-08
209.787, 210.037, -0.922696, -0.423098, 0.00730962, -0.0152974, 2.76809e-06, 1.2693e-06, -2.19289e-08, 4.58923e-08
210.287, 210.538, -0.919036, -0.430758, 0.00743984, -0.0152364, 2.75711e-06, 1.29227e-06, -2.23195e-08, 4.57092e-08
210.788, 211.038, -0.915311, -0.438386, 0.00756958, -0.0151743, 2.74593e-06, 1.31516e-06, -2.27087e-08, 4.55228e-08
211.289, 211.539, -0.911521, -0.445984, 0.00769881, -0.015111, 2.73456e-06, 1.33795e-06, -2.30964e-08, 4.53331e-08
211.789, 212.04, -0.907666, -0.45355, 0.00782754, -0.0150467, 2.723e-06, 1.36065e-06, -2.34826e-08, 4.51401e-08
212.29, 212.54, -0.903747, -0.461083, 0.00795575, -0.0149813, 2.71124e-06, 1.38325e-06, -2.38672e-08, 4.49439e-08
212.791, 213.041, -0.899764, -0.468584, 0.00808343, -0.0149148, 2.69929e-06, 1.40575e-06, -2.42503e-08, 4.47444e-08
213.291, 213.542, -0.895717, -0.476052, 0.00821058, -0.0148472, 2.68715e-06, 1.42816e-06, -2.46317e-08, 4.45417e-08
213.792, 214.042, -0.891606, -0.483486, 0.00833719, -0.0147786, 2.67482e-06, 1.45046e-06, -2.50116e-08, 4.43357e-08
214.293, 214.543, -0.887432, -0.490885, 0.00846324, -0.0147089, 2.66229e-06, 1.47265e-06, -2.53897e-08, 4.41266e-08
214.793, 215.044, -0.883194, -0.498249, 0.00858873, -0.0146381, 2.64958e-06, 1.49475e-06, -2.57662e-08, 4.39142e-08
215.294, 215.544, -0.878894, -0.505578, 0.00871365, -0.0145662, 2.63668e-06, 1.51674e-06, -2.61409e-08, 4.36986e-08
215.795, 216.045, -0.874531, -0.512872, 0.00883799, -0.0144933, 2.62359e-06, 1.53861e-06, -2.6514e-08, 4.34798e-08
216.295, 216.546, -0.870106, -0.520128, 0.00896174, -0.0144193, 2.61032e-06, 1.56038e-06, -2.68852e-08, 4.32579e-08
216.796, 217.047, -0.865619, -0.527348, 0.00908489, -0.0143443, 2.59686e-06, 1.58204e-06, -2.72547e-08, 4.30328e-08
217.297, 217.547, -0.86107, -0.53453, 0.00920744, -0.0142682, 2.58321e-06, 1.60359e-06, -2.76223e-08, 4.28046e-08
217.798, 218.048, -0.85646, -0.541673, 0.00932937, -0.0141911, 2.56938e-06, 1.62502e-06, -2.79881e-08, 4.25733e-08
218.298, 218.549, -0.851789, -0.548779, 0.00945068, -0.0141129, 2.55537e-06, 1.64634e-06, -2.8352e-08, 4.23388e-08
218.799, 219.049, -0.847058, -0.555845, 0.00957135, -0.0140337, 2.54117e-06, 1.66753e-06, -2.87141e-08, 4.21012e-08
219.3, 219.55, -0.842265, -0.562871, 0.00969139, -0.0139535, 2.5268e-06, 1.68861e-06, -2.90742e-08, 4.18606e-08
219.8, 220.051, -0.837413, -0.569858, 0.00981077, -0.0138723, 2.51224e-06, 1.70957e-06, -2.94323e-08, 4.16169e-08
220.301, 220.551, -0.832501, -0.576803, 0.0099295, -0.01379, 2.4975e-06, 1.73041e-06, -2.97885e-08, 4.13701e-08
220.802, 221.052, -0.827529, -0.583708, 0.0100476, -0.0137068, 2.48259e-06, 1.75112e-06, -3.01427e-08, 4.11203e-08
221.302, 221.553, -0.822499, -0.59057, 0.0101649, -0.0136225, 2.4675e-06, 1.77171e-06, -3.04948e-08, 4.08674e-08
221.803, 222.053, -0.817409, -0.597391, 0.0102816, -0.0135372, 2.45223e-06, 1.79217e-06, -3.08449e-08, 4.06116e-08
222.304, 222.554, -0.812261, -0.604169, 0.0103976, -0.0134509, 2.43678e-06, 1.81251e-06, -3.11929e-08, 4.03527e-08
222.804, 223.055, -0.807056, -0.610903, 0.0105129, -0.0133636, 2.42117e-06, 1.83271e-06, -3.15388e-08, 4.00909e-08
223.305, 223.555, -0.801792, -0.617594, 0.0106275, -0.0132754, 2.40538e-06, 1.85278e-06, -3.18826e-08, 3.98261e-08
223.806, 224.056, -0.796471, -0.624241, 0.0107414, -0.0131861, 2.38941e-06, 1.87272e-06, -3.22242e-08, 3.95583e-08
224.306, 224.557, -0.791093, -0.630843, 0.0108545, -0.0130959, 2.37328e-06, 1.89253e-06, -3.25636e-08, 3.92877e-08
224.807, 225.057, -0.785658, -0.6374, 0.010967, -0.0130047, 2.35697e-06, 1.9122e-06, -3.29009e-08, 3.90141e-08
225.308, 225.558, -0.780167, -0.643911, 0.0110786, -0.0129125, 2.3405e-06, 1.93173e-06, -3.32358e-08, 3.87376e-08
225.808, 226.059, -0.77462, -0.650376, 0.0111895, -0.0128194, 2.32386e-06, 1.95113e-06, -3.35686e-08, 3.84582e-08
226.309, 226.56, -0.769018, -0.656795, 0.0112997, -0.0127253, 2.30705e-06, 1.97038e-06, -3.3899e-08, 3.8176e-08
226.81, 227.06, -0.76336, -0.663166, 0.0114091, -0.0126303, 2.29008e-06, 1.9895e-06, -3.42272e-08, 3.78909e-08
227.311, 227.561, -0.757648, -0.66949, 0.0115177, -0.0125343, 2.27294e-06, 2.00847e-06, -3.4553e-08, 3.7603e-08
227.811, 228.062, -0.751881, -0.675766, 0.0116255, -0.0124374, 2.25564e-06, 2.0273e-06, -3.48765e-08, 3.73123e-08
228.312, 228.562, -0.74606, -0.681993, 0.0117325, -0.0123396, 2.23818e-06, 2.04598e-06, -3.51976e-08, 3.70188e-08
228.813, 229.063, -0.740186, -0.688171, 0.0118387, -0.0122408, 2.22056e-06, 2.06451e-06, -3.55162e-08, 3.67225e-08
229.313, 229.564, -0.734259, -0.6943, 0.0119442, -0.0121411, 2.20278e-06, 2.0829e-06, -3.58325e-08, 3.64234e-08
229.814, 230.064, -0.728278, -0.700379, 0.0120488, -0.0120405, 2.18484e-06, 2.10114e-06, -3.61463e-08, 3.61216e-08
230.315, 230.565, -0.722246, -0.706407, 0.0121525, -0.011939, 2.16674e-06, 2.11922e-06, -3.64576e-08, 3.58171e-08
230.815, 231.066, -0.716161, -0.712385, 0.0122555, -0.0118366, 2.14848e-06, 2.13716e-06, -3.67665e-08, 3.55099e-08
231.316, 231.566, -0.710025, -0.718312, 0.0123576, -0.0117334, 2.13008e-06, 2.15493e-06, -3.70728e-08, 3.52001e-08
231.817, 232.067, -0.703838, -0.724186, 0.0124588, -0.0116292, 2.11151e-06, 2.17256e-06, -3.73765e-08, 3.48875e-08
232.317, 232.568, -0.6976, -0.730009, 0.0125592, -0.0115241, 2.0928e-06, 2.19003e-06, -3.76777e-08, 3.45724e-08
232.818, 233.068, -0.691312, -0.735779, 0.0126588, -0.0114182, 2.07394e-06, 2.20734e-06, -3.79763e-08, 3.42546e-08
233.319, 233.569, -0.684974, -0.741496, 0.0127574, -0.0113114, 2.05492e-06, 2.22449e-06, -3.82723e-08, 3.39342e-08
233.819, 234.07, -0.678586, -0.747159, 0.0128552, -0.0112037, 2.03576e-06, 2.24148e-06, -3.85656e-08, 3.36112e-08
234.32, 234.57, -0.67215, -0.752769, 0.0129521, -0.0110952, 2.01645e-06, 2.25831e-06, -3.88563e-08, 3.32856e-08
234.821, 235.071, -0.665665, -0.758324, 0.0130481, -0.0109859, 1.99699e-06, 2.27497e-06, -3.91443e-08, 3.29576e-08
235.321, 235.572, -0.659132, -0.763824, 0.0131432, -0.0108757, 1.9774e-06, 2.29147e-06, -3.94295e-08, 3.2627e-08
235.822, 236.073, -0.652551, -0.76927, 0.0132374, -0.0107646, 1.95765e-06, 2.30781e-06, -3.97121e-08, 3.22939e-08
236.323, 236.573, -0.645924, -0.774659, 0.0133306, -0.0106528, 1.93777e-06, 2.32398e-06, -3.99919e-08, 3.19583e-08
236.824, 237.074, -0.639249, -0.779993, 0.013423, -0.0105401, 1.91775e-06, 2.33998e-06, -4.02689e-08, 3.16203e-08
237.324, 237.575, -0.632529, -0.78527, 0.0135144, -0.0104266, 1.89759e-06, 2.35581e-06, -4.05431e-08, 3.12799e-08
237.825, 238.075, -0.625762, -0.790491, 0.0136048, -0.0103123, 1.87729e-06, 2.37147e-06, -4.08145e-08, 3.0937e-08
238.326, 238.576, -0.61895, -0.795654, 0.0136944, -0.0101973, 1.85685e-06, 2.38696e-06, -4.10831e-08, 3.05918e-08
238.826, 239.077, -0.612094, -0.800759, 0.0137829, -0.0100814, 1.83628e-06, 2.40228e-06, -4.13488e-08, 3.02442e-08
239.327, 239.577, -0.605193, -0.805807, 0.0138705, -0.00996474, 1.81558e-06, 2.41742e-06, -4.16116e-08, 2.98942e-08
239.828, 240.078, -0.598248, -0.810796, 0.0139572, -0.00984732, 1.79474e-06, 2.43239e-06, -4.18716e-08, 2.9542e-08
240.328, 240.579, -0.59126, -0.815727, 0.0140429, -0.00972913, 1.77378e-06, 2.44718e-06, -4.21286e-08, 2.91874e-08
240.829, 241.079, -0.584229, -0.820598, 0.0141275, -0.00961019, 1.75269e-06, 2.46179e-06, -4.23826e-08, 2.88306e-08
241.33, 241.58, -0.577156, -0.825409, 0.0142112, -0.00949049, 1.73147e-06, 2.47623e-06, -4.26337e-08, 2.84715e-08
241.83, 242.081, -0.57004, -0.830161, 0.0142939, -0.00937006, 1.71012e-06, 2.49048e-06, -4.28818e-08, 2.81102e-08
242.331, 242.581, -0.562884, -0.834853, 0.0143756, -0.00924889, 1.68865e-06, 2.50456e-06, -4.31269e-08, 2.77467e-08
242.832, 243.082, -0.555686, -0.839483, 0.0144563, -0.00912699, 1.66706e-06, 2.51845e-06, -4.33689e-08, 2.7381e-08
243.332, 243.583, -0.548448, -0.844053, 0.014536, -0.00900438, 1.64534e-06, 2.53216e-06, -4.3608e-08, 2.70131e-08
243.833, 244.083, -0.54117, -0.848561, 0.0146146, -0.00888105, 1.62351e-06, 2.54568e-06, -4.38439e-08, 2.66432e-08
244.334, 244.584, -0.533853, -0.853008, 0.0146923, -0.00875703, 1.60156e-06, 2.55902e-06, -4.40768e-08, 2.62711e-08
244.834, 245.085, -0.526496, -0.857393, 0.0147688, -0.00863231, 1.57949e-06, 2.57218e-06, -4.43065e-08, 2.58969e-08
245.335, 245.585, -0.519102, -0.861715, 0.0148444, -0.00850691, 1.55731e-06, 2.58514e-06, -4.45331e-08, 2.55207e-08
245.836, 246.086, -0.51167, -0.865974, 0.0149189, -0.00838083, 1.53501e-06, 2.59792e-06, -4.47566e-08, 2.51425e-08
246.337, 246.587, -0.5042, -0.87017, 0.0149923, -0.00825409, 1.5126e-06, 2.61051e-06, -4.4977e-08, 2.47623e-08
246.837, 247.088, -0.496693, -0.874303, 0.0150647, -0.00812668, 1.49008e-06, 2.62291e-06, -4.51941e-08, 2.438e-08
247.338, 247.588, -0.489151, -0.878372, 0.015136, -0.00799862, 1.46745e-06, 2.63512e-06, -4.5408e-08, 2.39959e-08
247.839, 248.089, -0.481572, -0.882376, 0.0152062, -0.00786992, 1.44472e-06, 2.64713e-06, -4.56187e-08, 2.36098e-08
248.339, 248.59, -0.473959, -0.886317, 0.0152754, -0.00774059, 1.42188e-06, 2.65895e-06, -4.58262e-08, 2.32218e-08
248.84, 249.09, -0.466311, -0.890192, 0.0153435, -0.00761064, 1.39893e-06, 2.67058e-06, -4.60305e-08, 2.28319e-08
249.341, 249.591, -0.458629, -0.894003, 0.0154105, -0.00748006, 1.37589e-06, 2.68201e-06, -4.62314e-08, 2.24402e-08
249.841, 250.092, -0.450913, -0.897748, 0.0154764, -0.00734889, 1.35274e-06, 2.69324e-06, -4.64291e-08, 2.20467e-08
250.342, 250.592, -0.443164, -0.901428, 0.0155411, -0.00721711, 1.32949e-06, 2.70428e-06, -4.66234e-08, 2.16513e-08
250.843, 251.093, -0.435383, -0.905041, 0.0156048, -0.00708474, 1.30615e-06, 2.71512e-06, -4.68145e-08, 2.12542e-08
251.343, 251.594, -0.42757, -0.908588, 0.0156674, -0.0069518, 1.28271e-06, 2.72576e-06, -4.70021e-08, 2.08554e-08
251.844, 252.094, -0.419725, -0.912069, 0.0157288, -0.00681828, 1.25918e-06, 2.73621e-06, -4.71865e-08, 2.04548e-08
252.345, 252.595, -0.41185, -0.915483, 0.0157891, -0.0066842, 1.23555e-06, 2.74645e-06, -4.73674e-08, 2.00526e-08
252.845, 253.096, -0.403945, -0.918829, 0.0158483, -0.00654957, 1.21183e-06, 2.75649e-06, -4.7545e-08, 1.96487e-08
253.346, 253.596, -0.39601, -0.922109, 0.0159064, -0.0064144, 1.18803e-06, 2.76633e-06, -4.77191e-08, 1.92432e-08
253.847, 254.097, -0.388046, -0.92532, 0.0159633, -0.00627869, 1.16414e-06, 2.77596e-06, -4.78899e-08, 1.88361e-08
254.347, 254.598, -0.380053, -0.928464, 0.0160191, -0.00614246, 1.14016e-06, 2.78539e-06, -4.80572e-08, 1.84274e-08
254.848, 255.098, -0.372033, -0.931539, 0.0160737, -0.00600571, 1.1161e-06, 2.79462e-06, -4.8221e-08, 1.80171e-08
255.349, 255.599, -0.363985, -0.934546, 0.0161271, -0.00586846, 1.09195e-06, 2.80364e-06, -4.83814e-08, 1.76054e-08
255.85, 256.1, -0.35591, -0.937484, 0.0161794, -0.00573071, 1.06773e-06, 2.81245e-06, -4.85383e-08, 1.71921e-08
256.35, 256.601, -0.347809, -0.940354, 0.0162305, -0.00559248, 1.04343e-06, 2.82106e-06, -4.86916e-08, 1.67774e-08
256.851, 257.101, -0.339683, -0.943154, 0.0162805, -0.00545377, 1.01905e-06, 2.82946e-06, -4.88415e-08, 1.63613e-08
257.352, 257.602, -0.331532, -0.945884, 0.0163293, -0.00531459, 9.94595e-07, 2.83765e-06, -4.89879e-08, 1.59438e-08
257.852, 258.103, -0.323356, -0.948545, 0.0163769, -0.00517496, 9.70068e-07, 2.84564e-06, -4.91307e-08, 1.55249e-08
258.353, 258.603, -0.315156, -0.951136, 0.0164233, -0.00503488, 9.45469e-07, 2.85341e-06, -4.92699e-08, 1.51046e-08
258.854, 259.104, -0.306933, -0.953657, 0.0164685, -0.00489436, 9.208e-07, 2.86097e-06, -4.94056e-08, 1.46831e-08
259.354, 259.605, -0.298688, -0.956108, 0.0165126, -0.00475342, 8.96063e-07, 2.86832e-06, -4.95377e-08, 1.42603e-08
259.855, 260.105, -0.29042, -0.958488, 0.0165554, -0.00461206, 8.71261e-07, 2.87546e-06, -4.96662e-08, 1.38362e-08
260.356, 260.606, -0.282131, -0.960797, 0.016597, -0.00447029, 8.46394e-07, 2.88239e-06, -4.97911e-08, 1.34109e-08
260.856, 261.107, -0.273821, -0.963035, 0.0166374, -0.00432812, 8.21464e-07, 2.88911e-06, -4.99123e-08, 1.29844e-08
261.357, 261.607, -0.265491, -0.965202, 0.0166767, -0.00418557, 7.96474e-07, 2.89561e-06, -5.003e-08, 1.25567e-08
261.858, 262.108, -0.257142, -0.967298, 0.0167146, -0.00404264, 7.71425e-07, 2.90189e-06, -5.01439e-08, 1.21279e-08
262.358, 262.609, -0.248773, -0.969322, 0.0167514, -0.00389934, 7.46318e-07, 2.90797e-06, -5.02543e-08, 1.1698e-08
262.859, 263.109, -0.240386, -0.971274, 0.016787, -0.00375569, 7.21157e-07, 2.91382e-06, -5.03609e-08, 1.12671e-08
263.36, 263.61, -0.231981, -0.973155, 0.0168213, -0.0036117, 6.95942e-07, 2.91946e-06, -5.04639e-08, 1.08351e-08
263.86, 264.111, -0.223558, -0.974963, 0.0168544, -0.00346736, 6.70675e-07, 2.92489e-06, -5.05632e-08, 1.04021e-08
264.361, 264.611, -0.21512, -0.976699, 0.0168863, -0.0033227, 6.45359e-07, 2.9301e-06, -5.06588e-08, 9.96811e-09
264.862, 265.112, -0.206665, -0.978363, 0.0169169, -0.00317773, 6.19995e-07, 2.93509e-06, -5.07507e-08, 9.53319e-09
265.363, 265.613, -0.198195, -0.979954, 0.0169463, -0.00303245, 5.94585e-07, 2.93986e-06, -5.08388e-08, 9.09736e-09
265.863, 266.114, -0.18971, -0.981472, 0.0169744, -0.00288688, 5.69131e-07, 2.94442e-06, -5.09232e-08, 8.66065e-09
266.364, 266.614, -0.181212, -0.982917, 0.0170013, -0.00274103, 5.43635e-07, 2.94875e-06, -5.10039e-08, 8.22309e-09
266.865, 267.115, -0.172699, -0.98429, 0.0170269, -0.00259491, 5.18098e-07, 2.95287e-06, -5.10808e-08, 7.78472e-09
267.365, 267.616, -0.164174, -0.985589, 0.0170513, -0.00244852, 4.92522e-07, 2.95677e-06, -5.1154e-08, 7.34555e-09
267.866, 268.116, -0.155637, -0.986815, 0.0170744, -0.00230188, 4.6691e-07, 2.96044e-06, -5.12233e-08, 6.90564e-09
268.367, 268.617, -0.147088, -0.987967, 0.0170963, -0.002155, 4.41264e-07, 2.9639e-06, -5.12889e-08, 6.46501e-09
268.867, 269.118, -0.138528, -0.989046, 0.0171169, -0.00200789, 4.15584e-07, 2.96714e-06, -5.13507e-08, 6.02368e-09
269.368, 269.618, -0.129958, -0.990052, 0.0171363, -0.00186057, 3.89874e-07, 2.97016e-06, -5.14088e-08, 5.58171e-09
269.869, 270.119, -0.121378, -0.990983, 0.0171543, -0.00171303, 3.64134e-07, 2.97295e-06, -5.1463e-08, 5.1391e-09
270.369, 270.62, -0.112789, -0.991841, 0.0171711, -0.0015653, 3.38367e-07, 2.97552e-06, -5.15134e-08, 4.69591e-09
270.87, 271.12, -0.104192, -0.992625, 0.0171867, -0.00141739, 3.12576e-07, 2.97787e-06, -5.156e-08, 4.25217e-09
271.371, 271.621, -0.0955868, -0.993334, 0.0172009, -0.0012693, 2.8676e-07, 2.98e-06, -5.16027e-08, 3.80789e-09
271.871, 272.122, -0.0869745, -0.99397, 0.0172139, -0.00112104, 2.60924e-07, 2.98191e-06, -5.16416e-08, 3.36313e-09
272.372, 272.622, -0.0783558, -0.994531, 0.0172256, -0.000972635, 2.35067e-07, 2.98359e-06, -5.16767e-08, 2.91791e-09
272.873, 273.123, -0.0697313, -0.995018, 0.017236, -0.000824086, 2.09194e-07, 2.98505e-06, -5.17079e-08, 2.47226e-09
273.373, 273.624, -0.0611015, -0.995431, 0.0172451, -0.000675406, 1.83304e-07, 2.98629e-06, -5.17353e-08, 2.02622e-09
273.874, 274.124, -0.0524671, -0.995769, 0.0172529, -0.000526607, 1.57401e-07, 2.98731e-06, -5.17588e-08, 1.57982e-09
274.375, 274.625, -0.0438289, -0.996033, 0.0172595, -0.000377699, 1.31487e-07, 2.9881e-06, -5.17785e-08, 1.1331e-09
274.876, 275.126, -0.0351873, -0.996222, 0.0172648, -0.000228695, 1.05562e-07, 2.98867e-06, -5.17943e-08, 6.86084e-10
275.376, 275.627, -0.0265431, -0.996336, 0.0172687, -7.96042e-05, 7.96294e-08, 2.98901e-06, -5.18062e-08, 2.38813e-10
275.877, 276.127, -0.0178969, -0.996376, 0.0172714, 6.95609e-05, 5.36908e-08, 2.98913e-06, -5.18142e-08, -2.08683e-10
276.378, 276.628, -0.00924943, -0.996341, 0.0172728, 0.000218789, 2.77483e-08, 2.98902e-06, -5.18184e-08, -6.56368e-10
276.878, 277.129, -0.000601219, -0.996232, 0.0172729, 0.00036807, 1.80366e-09, 2.9887e-06, -5.18187e-08, -1.10421e-09
277.379, 277.629, 0.00804704, -0.996047, 0.0172717, 0.000517391, -2.41411e-08, 2.98814e-06, -5.1815e-08, -1.55217e-09
277.88, 278.13, 0.0166947, -0.995788, 0.0172692, 0.000666742, -5.00841e-08, 2.98737e-06, -5.18075e-08, -2.00022e-09
278.38, 278.631, 0.0253411, -0.995455, 0.0172654, 0.00081611, -7.60233e-08, 2.98636e-06, -5.17961e-08, -2.44833e-09
278.881, 279.131, 0.0339856, -0.995046, 0.0172603, 0.000965485, -1.01957e-07, 2.98514e-06, -5.17808e-08, -2.89646e-09
279.382, 279.632, 0.0426275, -0.994563, 0.0172539, 0.00111486, -1.27883e-07, 2.98369e-06, -5.17616e-08, -3.34457e-09
279.882, 280.133, 0.0512663, -0.994004, 0.0172462, 0.00126421, -1.53799e-07, 2.98201e-06, -5.17385e-08, -3.79263e-09
280.383, 280.633, 0.0599011, -0.993371, 0.0172372, 0.00141354, -1.79703e-07, 2.98011e-06, -5.17115e-08, -4.24061e-09
280.884, 281.134, 0.0685315, -0.992664, 0.0172269, 0.00156282, -2.05595e-07, 2.97799e-06, -5.16806e-08, -4.68847e-09
281.384, 281.635, 0.0771567, -0.991881, 0.0172152, 0.00171206, -2.3147e-07, 2.97564e-06, -5.16457e-08, -5.13618e-09
281.885, 282.135, 0.0857761, -0.991024, 0.0172023, 0.00186123, -2.57328e-07, 2.97307e-06, -5.1607e-08, -5.5837e-09
282.386, 282.636, 0.0943891, -0.990092, 0.0171881, 0.00201033, -2.83167e-07, 2.97028e-06, -5.15644e-08, -6.031e-09
282.886, 283.137, 0.102995, -0.989086, 0.0171726, 0.00215935, -3.08985e-07, 2.96726e-06, -5.15178e-08, -6.47805e-09
283.387, 283.637, 0.111593, -0.988004, 0.0171558, 0.00230827, -3.34779e-07, 2.96401e-06, -5.14673e-08, -6.9248e-09
283.888, 284.138, 0.120183, -0.986849, 0.0171377, 0.00245708, -3.60548e-07, 2.96055e-06, -5.1413e-08, -7.37123e-09
284.389, 284.639, 0.128763, -0.985618, 0.0171182, 0.00260577, -3.86289e-07, 2.95686e-06, -5.13547e-08, -7.8173e-09
284.889, 285.14, 0.137334, -0.984314, 0.0170975, 0.00275433, -4.12002e-07, 2.95294e-06, -5.12925e-08, -8.26298e-09
285.39, 285.64, 0.145894, -0.982935, 0.0170755, 0.00290274, -4.37683e-07, 2.9488e-06, -5.12264e-08, -8.70822e-09
285.891, 286.141, 0.154444, -0.981481, 0.0170521, 0.003051, -4.63331e-07, 2.94444e-06, -5.11564e-08, -9.153e-09
286.391, 286.642, 0.162982, -0.979954, 0.0170275, 0.0031991, -4.88945e-07, 2.93986e-06, -5.10826e-08, -9.59729e-09
286.892, 287.142, 0.171507, -0.978352, 0.0170016, 0.00334701, -5.14521e-07, 2.93506e-06, -5.10048e-08, -1.0041e-08
287.393, 287.643, 0.180019, -0.976676, 0.0169744, 0.00349474, -5.40058e-07, 2.93003e-06, -5.09231e-08, -1.04842e-08
287.893, 288.144, 0.188518, -0.974927, 0.0169458, 0.00364226, -5.65554e-07, 2.92478e-06, -5.08375e-08, -1.09268e-08
288.394, 288.644, 0.197003, -0.973103, 0.016916, 0.00378958, -5.91008e-07, 2.91931e-06, -5.0748e-08, -1.13687e-08
288.895, 289.145, 0.205472, -0.971206, 0.0168849, 0.00393666, -6.16417e-07, 2.91362e-06, -5.06547e-08, -1.181e-08
289.395, 289.646, 0.213926, -0.969234, 0.0168525, 0.00408352, -6.41779e-07, 2.9077e-06, -5.05574e-08, -1.22505e-08
289.896, 290.146, 0.222364, -0.96719, 0.0168188, 0.00423012, -6.67092e-07, 2.90157e-06, -5.04563e-08, -1.26904e-08
290.397, 290.647, 0.230785, -0.965072, 0.0167838, 0.00437647, -6.92355e-07, 2.89522e-06, -5.03513e-08, -1.31294e-08
290.897, 291.148, 0.239188, -0.962881, 0.0167475, 0.00452254, -7.17565e-07, 2.88864e-06, -5.02425e-08, -1.35676e-08
291.398, 291.648, 0.247573, -0.960616, 0.0167099, 0.00466833, -7.4272e-07, 2.88185e-06, -5.01298e-08, -1.4005e-08
291.899, 292.149, 0.25594, -0.958279, 0.0166711, 0.00481383, -7.6782e-07, 2.87484e-06, -5.00132e-08, -1.44415e-08
292.399, 292.65, 0.264287, -0.955869, 0.0166309, 0.00495902, -7.9286e-07, 2.86761e-06, -4.98927e-08, -1.48771e-08
292.9, 293.15, 0.272614, -0.953386, 0.0165895, 0.00510389, -8.17841e-07, 2.86016e-06, -4.97685e-08, -1.53117e-08
293.401, 293.651, 0.28092, -0.95083, 0.0165468, 0.00524843, -8.42759e-07, 2.85249e-06, -4.96404e-08, -1.57453e-08
293.902, 294.152, 0.289204, -0.948203, 0.0165028, 0.00539264, -8.67613e-07, 2.84461e-06, -4.95084e-08, -1.61779e-08
294.402, 294.653, 0.297467, -0.945503, 0.0164575, 0.00553649, -8.92401e-07, 2.83651e-06, -4.93726e-08, -1.66095e-08
294.903, 295.153, 0.305707, -0.942731, 0.016411, 0.00567998, -9.17121e-07, 2.82819e-06, -4.9233e-08, -1.70399e-08
295.404, 295.654, 0.313924, -0.939887, 0.0163632, 0.00582309, -9.41772e-07, 2.81966e-06, -4.90896e-08, -1.74693e-08
295.904, 296.155, 0.322117, -0.936971, 0.0163141, 0.00596581, -9.6635e-07, 2.81091e-06, -4.89424e-08, -1.78974e-08
296.405, 296.655, 0.330285, -0.933984, 0.0162638, 0.00610814, -9.90855e-07, 2.80195e-06, -4.87915e-08, -1.83244e-08
296.906, 297.156, 0.338428, -0.930926, 0.0162122, 0.00625006, -1.01528e-06, 2.79278e-06, -4.86367e-08, -1.87502e-08
297.406, 297.657, 0.346545, -0.927797, 0.0161594, 0.00639155, -1.03964e-06, 2.78339e-06, -4.84781e-08, -1.91746e-08
297.907, 298.157, 0.354636, -0.924597, 0.0161053, 0.00653261, -1.06391e-06, 2.77379e-06, -4.83158e-08, -1.95978e-08
298.408, 298.658, 0.3627, -0.921326, 0.0160499, 0.00667323, -1.0881e-06, 2.76398e-06, -4.81497e-08, -2.00197e-08
298.908, 299.159, 0.370735, -0.917985, 0.0159933, 0.00681339, -1.11221e-06, 2.75395e-06, -4.79799e-08, -2.04402e-08
299.409, 299.659, 0.378743, -0.914573, 0.0159355, 0.00695308, -1.13623e-06, 2.74372e-06, -4.78064e-08, -2.08592e-08
299.91, 300.16, 0.386722, -0.911092, 0.0158764, 0.0070923, -1.16016e-06, 2.73328e-06, -4.76291e-08, -2.12769e-08
300.41, 300.661, 0.394671, -0.907541, 0.015816, 0.00723102, -1.18401e-06, 2.72262e-06, -4.74481e-08, -2.16931e-08
300.911, 301.161, 0.40259, -0.903921, 0.0157545, 0.00736924, -1.20777e-06, 2.71176e-06, -4.72634e-08, -2.21077e-08
301.412, 301.662, 0.410478, -0.900231, 0.0156917, 0.00750695, -1.23143e-06, 2.70069e-06, -4.70751e-08, -2.25209e-08
301.912, 302.163, 0.418334, -0.896472, 0.0156277, 0.00764414, -1.255e-06, 2.68942e-06, -4.6883e-08, -2.29324e-08
302.413, 302.663, 0.426159, -0.892645, 0.0155624, 0.00778079, -1.27848e-06, 2.67793e-06, -4.66873e-08, -2.33424e-08
302.914, 303.164, 0.433951, -0.888749, 0.015496, 0.00791689, -1.30185e-06, 2.66625e-06, -4.64879e-08, -2.37507e-08
303.415, 303.665, 0.441709, -0.884785, 0.0154283, 0.00805244, -1.32513e-06, 2.65436e-06, -4.62849e-08, -2.41573e-08
303.915, 304.166, 0.449434, -0.880754, 0.0153594, 0.00818742, -1.3483e-06, 2.64226e-06, -4.60783e-08, -2.45622e-08
304.416, 304.666, 0.457124, -0.876654, 0.0152893, 0.00832181, -1.37137e-06, 2.62996e-06, -4.5868e-08, -2.49654e-08
304.917, 305.167, 0.464779, -0.872488, 0.0152181, 0.00845562, -1.39434e-06, 2.61746e-06, -4.56542e-08, -2.53669e-08
305.417, 305.668, 0.472399, -0.868254, 0.0151456, 0.00858882, -1.4172e-06, 2.60476e-06, -4.54368e-08, -2.57665e-08
305.918, 306.168, 0.479982, -0.863954, 0.0150719, 0.00872141, -1.43995e-06, 2.59186e-06, -4.52158e-08, -2.61642e-08
306.419, 306.669, 0.487528, -0.859587, 0.0149971, 0.00885337, -1.46258e-06, 2.57876e-06, -4.49913e-08, -2.65601e-08
306.919, 307.17, 0.495037, -0.855154, 0.0149211, 0.0089847, -1.48511e-06, 2.56546e-06, -4.47632e-08, -2.69541e-08
307.42, 307.67, 0.502508, -0.850656, 0.0148439, 0.00911538, -1.50752e-06, 2.55197e-06, -4.45316e-08, -2.73462e-08
307.921, 308.171, 0.50994, -0.846092, 0.0147655, 0.00924541, -1.52982e-06, 2.53828e-06, -4.42965e-08, -2.77362e-08
308.421, 308.672, 0.517333, -0.841463, 0.014686, 0.00937477, -1.552e-06, 2.52439e-06, -4.40579e-08, -2.81243e-08
308.922, 309.172, 0.524686, -0.836769, 0.0146053, 0.00950344, -1.57406e-06, 2.51031e-06, -4.38159e-08, -2.85103e-08
309.423, 309.673, 0.531998, -0.832011, 0.0145235, 0.00963143, -1.59599e-06, 2.49603e-06, -4.35704e-08, -2.88943e-08
309.923, 310.174, 0.53927, -0.827189, 0.0144405, 0.00975872, -1.61781e-06, 2.48157e-06, -4.33214e-08, -2.92762e-08
310.424, 310.674, 0.5465, -0.822303, 0.0143563, 0.0098853, -1.6395e-06, 2.46691e-06, -4.3069e-08, -2.96559e-08
310.925, 311.175, 0.553688, -0.817353, 0.0142711, 0.0100112, -1.66106e-06, 2.45206e-06, -4.28133e-08, -3.00335e-08
311.425, 311.676, 0.560833, -0.812341, 0.0141847, 0.0101363, -1.6825e-06, 2.43702e-06, -4.25541e-08, -3.04088e-08
311.926, 312.176, 0.567935, -0.807266, 0.0140972, 0.0102607, -1.70381e-06, 2.4218e-06, -4.22916e-08, -3.0782e-08
312.427, 312.677, 0.574994, -0.802128, 0.0140086, 0.0103843, -1.72498e-06, 2.40639e-06, -4.20257e-08, -3.11528e-08
312.927, 313.178, 0.582007, -0.796929, 0.0139189, 0.0105071, -1.74602e-06, 2.39079e-06, -4.17566e-08, -3.15214e-08
313.428, 313.679, 0.588976, -0.791668, 0.013828, 0.0106292, -1.76693e-06, 2.37501e-06, -4.14841e-08, -3.18877e-08
313.929, 314.179, 0.5959, -0.786346, 0.0137361, 0.0107505, -1.7877e-06, 2.35904e-06, -4.12083e-08, -3.22516e-08
314.43, 314.68, 0.602777, -0.780964, 0.0136431, 0.010871, -1.80833e-06, 2.34289e-06, -4.09293e-08, -3.26131e-08
314.93, 315.181, 0.609608, -0.775521, 0.013549, 0.0109907, -1.82882e-06, 2.32656e-06, -4.0647e-08, -3.29722e-08
315.431, 315.681, 0.616392, -0.770018, 0.0134538, 0.0111096, -1.84918e-06, 2.31005e-06, -4.03615e-08, -3.33289e-08
315.932, 316.182, 0.623128, -0.764456, 0.0133576, 0.0112277, -1.86938e-06, 2.29337e-06, -4.00727e-08, -3.36831e-08
316.432, 316.683, 0.629816, -0.758834, 0.0132603, 0.0113449, -1.88945e-06, 2.2765e-06, -3.97809e-08, -3.40348e-08
316.933, 317.183, 0.636455, -0.753154, 0.0131619, 0.0114613, -1.90937e-06, 2.25946e-06, -3.94858e-08, -3.4384e-08
317.434, 317.684, 0.643045, -0.747415, 0.0130625, 0.0115768, -1.92914e-06, 2.24225e-06, -3.91876e-08, -3.47305e-08
317.934, 318.185, 0.649585, -0.741619, 0.0129621, 0.0116915, -1.94876e-06, 2.22486e-06, -3.88863e-08, -3.50745e-08
318.435, 318.685, 0.656075, -0.735765, 0.0128606, 0.0118053, -1.96823e-06, 2.2073e-06, -3.85819e-08, -3.54159e-08
318.936, 319.186, 0.662514, -0.729855, 0.0127581, 0.0119182, -1.98754e-06, 2.18956e-06, -3.82744e-08, -3.57546e-08
319.436, 319.687, 0.668902, -0.723887, 0.0126546, 0.0120302, -2.00671e-06, 2.17166e-06, -3.79639e-08, -3.60907e-08
319.937, 320.187, 0.675238, -0.717864, 0.0125501, 0.0121413, -2.02571e-06, 2.15359e-06, -3.76504e-08, -3.6424e-08
320.438, 320.688, 0.681522, -0.711785, 0.0124446, 0.0122515, -2.04457e-06, 2.13535e-06, -3.73338e-08, -3.67546e-08
320.938, 321.189, 0.687753, -0.705651, 0.0123381, 0.0123608, -2.06326e-06, 2.11695e-06, -3.70143e-08, -3.70824e-08
321.439, 321.689, 0.69393, -0.699462, 0.0122306, 0.0124691, -2.08179e-06, 2.09839e-06, -3.66919e-08, -3.74074e-08
321.94, 322.19, 0.700054, -0.693219, 0.0121222, 0.0125766, -2.10016e-06, 2.07966e-06, -3.63665e-08, -3.77297e-08
322.44, 322.691, 0.706123, -0.686922, 0.0120127, 0.012683, -2.11837e-06, 2.06077e-06, -3.60382e-08, -3.8049e-08
322.941, 323.192, 0.712138, -0.680572, 0.0119023, 0.0127885, -2.13641e-06, 2.04172e-06, -3.5707e-08, -3.83655e-08
323.442, 323.692, 0.718097, -0.674169, 0.011791, 0.012893, -2.15429e-06, 2.02251e-06, -3.5373e-08, -3.86791e-08
323.943, 324.193, 0.724001, -0.667713, 0.0116787, 0.0129966, -2.172e-06, 2.00314e-06, -3.50362e-08, -3.89897e-08
324.443, 324.694, 0.729848, -0.661206, 0.0115655, 0.0130991, -2.18954e-06, 1.98362e-06, -3.46966e-08, -3.92974e-08
324.944, 325.194, 0.735639, -0.654648, 0.0114514, 0.0132007, -2.20692e-06, 1.96394e-06, -3.43542e-08, -3.96021e-08
325.445, 325.695, 0.741372, -0.648038, 0.0113363, 0.0133013, -2.22412e-06, 1.94412e-06, -3.4009e-08, -3.99038e-08
325.945, 326.196, 0.747048, -0.641379, 0.0112204, 0.0134008, -2.24114e-06, 1.92414e-06, -3.36612e-08, -4.02025e-08
326.446, 326.696, 0.752666, -0.634669, 0.0111035, 0.0134994, -2.258e-06, 1.90401e-06, -3.33106e-08, -4.04981e-08
326.947, 327.197, 0.758225, -0.62791, 0.0109858, 0.0135969, -2.27468e-06, 1.88373e-06, -3.29574e-08, -4.07906e-08
327.447, 327.698, 0.763726, -0.621102, 0.0108672, 0.0136933, -2.29118e-06, 1.86331e-06, -3.26015e-08, -4.108e-08
327.948, 328.198, 0.769167, -0.614246, 0.0107477, 0.0137887, -2.3075e-06, 1.84274e-06, -3.22431e-08, -4.13662e-08
328.449, 328.699, 0.774548, -0.607343, 0.0106274, 0.0138831, -2.32364e-06, 1.82203e-06, -3.18821e-08, -4.16493e-08
328.949, 329.2, 0.779869, -0.600392, 0.0105062, 0.0139764, -2.33961e-06, 1.80117e-06, -3.15185e-08, -4.19292e-08
329.45, 329.7, 0.785129, -0.593394, 0.0103841, 0.0140686, -2.35539e-06, 1.78018e-06, -3.11524e-08, -4.22059e-08
329.951, 330.201, 0.790328, -0.58635, 0.0102613, 0.0141598, -2.37099e-06, 1.75905e-06, -3.07838e-08, -4.24794e-08
330.451, 330.702, 0.795466, -0.57926, 0.0101376, 0.0142499, -2.3864e-06, 1.73778e-06, -3.04127e-08, -4.27496e-08
330.952, 331.202, 0.800542, -0.572126, 0.0100131, 0.0143388, -2.40163e-06, 1.71638e-06, -3.00392e-08, -4.30165e-08
331.453, 331.703, 0.805555, -0.564946, 0.00988777, 0.0144267, -2.41667e-06, 1.69484e-06, -2.96633e-08, -4.32802e-08
331.953, 332.204, 0.810506, -0.557723, 0.00976168, 0.0145135, -2.43152e-06, 1.67317e-06, -2.9285e-08, -4.35404e-08
332.454, 332.705, 0.815393, -0.550456, 0.00963481, 0.0145991, -2.44618e-06, 1.65137e-06, -2.89044e-08, -4.37974e-08
332.955, 333.205, 0.820217, -0.543147, 0.00950716, 0.0146837, -2.46065e-06, 1.62944e-06, -2.85215e-08, -4.4051e-08
333.456, 333.706, 0.824977, -0.535795, 0.00937876, 0.0147671, -2.47493e-06, 1.60739e-06, -2.81363e-08, -4.43012e-08
333.956, 334.207, 0.829673, -0.528401, 0.0092496, 0.0148493, -2.48902e-06, 1.5852e-06, -2.77488e-08, -4.45479e-08
334.457, 334.707, 0.834304, -0.520967, 0.00911971, 0.0149304, -2.50291e-06, 1.5629e-06, -2.73591e-08, -4.47913e-08
334.958, 335.208, 0.83887, -0.513491, 0.00898908, 0.0150104, -2.51661e-06, 1.54047e-06, -2.69673e-08, -4.50311e-08
335.458, 335.709, 0.843371, -0.505976, 0.00885774, 0.0150892, -2.53011e-06, 1.51793e-06, -2.65732e-08, -4.52675e-08
335.959, 336.209, 0.847806, -0.498421, 0.00872569, 0.0151668, -2.54342e-06, 1.49526e-06, -2.61771e-08, -4.55004e-08
336.46, 336.71, 0.852175, -0.490827, 0.00859294, 0.0152433, -2.55652e-06, 1.47248e-06, -2.57788e-08, -4.57298e-08
336.96, 337.211, 0.856477, -0.483195, 0.0084595, 0.0153185, -2.56943e-06, 1.44958e-06, -2.53785e-08, -4.59556e-08
337.461, 337.711, 0.860713, -0.475525, 0.00832538, 0.0153926, -2.58214e-06, 1.42658e-06, -2.49762e-08, -4.61779e-08
337.962, 338.212, 0.864881, -0.467818, 0.0081906, 0.0154655, -2.59464e-06, 1.40346e-06, -2.45718e-08, -4.63966e-08
338.462, 338.713, 0.868982, -0.460075, 0.00805517, 0.0155373, -2.60695e-06, 1.38023e-06, -2.41655e-08, -4.66118e-08
338.963, 339.213, 0.873015, -0.452296, 0.00791909, 0.0156078, -2.61905e-06, 1.35689e-06, -2.37573e-08, -4.68233e-08
339.464, 339.714, 0.87698, -0.444481, 0.00778238, 0.015677, -2.63094e-06, 1.33344e-06, -2.33471e-08, -4.70311e-08
339.964, 340.215, 0.880877, -0.436632, 0.00764505, 0.0157451, -2.64263e-06, 1.3099e-06, -2.29351e-08, -4.72353e-08
340.465, 340.715, 0.884704, -0.428749, 0.0075071, 0.015812, -2.65411e-06, 1.28625e-06, -2.25213e-08, -4.74359e-08
340.966, 341.216, 0.888463, -0.420832, 0.00736856, 0.0158776, -2.66539e-06, 1.2625e-06, -2.21057e-08, -4.76328e-08
341.466, 341.717, 0.892152, -0.412882, 0.00722943, 0.015942, -2.67646e-06, 1.23865e-06, -2.16883e-08, -4.78259e-08
341.967, 342.218, 0.895772, -0.4049, 0.00708972, 0.0160051, -2.68732e-06, 1.2147e-06, -2.12692e-08, -4.80154e-08
342.468, 342.718, 0.899322, -0.396887, 0.00694945, 0.016067, -2.69796e-06, 1.19066e-06, -2.08483e-08, -4.82011e-08
342.969, 343.219, 0.902801, -0.388842, 0.00680862, 0.0161277, -2.7084e-06, 1.16653e-06, -2.04259e-08, -4.83831e-08
343.469, 343.72, 0.90621, -0.380767, 0.00666726, 0.0161871, -2.71863e-06, 1.1423e-06, -2.00018e-08, -4.85613e-08
343.97, 344.22, 0.909548, -0.372663, 0.00652536, 0.0162452, -2.72864e-06, 1.11799e-06, -1.95761e-08, -4.87357e-08
344.471, 344.721, 0.912815, -0.364529, 0.00638294, 0.0163021, -2.73845e-06, 1.09359e-06, -1.91488e-08, -4.89063e-08
344.971, 345.222, 0.916011, -0.356367, 0.00624001, 0.0163577, -2.74803e-06, 1.0691e-06, -1.872e-08, -4.90731e-08
345.472, 345.722, 0.919136, -0.348177, 0.00609659, 0.016412, -2.75741e-06, 1.04453e-06, -1.82898e-08, -4.92361e-08
345.973, 346.223, 0.922188, -0.33996, 0.00595269, 0.0164651, -2.76656e-06, 1.01988e-06, -1.78581e-08, -4.93952e-08
346.473, 346.724, 0.925168, -0.331716, 0.00580831, 0.0165168, -2.77551e-06, 9.95147e-07, -1.74249e-08, -4.95505e-08
346.974, 347.224, 0.928077, -0.323446, 0.00566347, 0.0165673, -2.78423e-06, 9.70338e-07, -1.69904e-08, -4.9702e-08
347.475, 347.725, 0.930912, -0.315151, 0.00551819, 0.0166165, -2.79274e-06, 9.45453e-07, -1.65546e-08, -4.98495e-08
347.975, 348.226, 0.933675, -0.306831, 0.00537247, 0.0166644, -2.80103e-06, 9.20494e-07, -1.61174e-08, -4.99932e-08
348.476, 348.726, 0.936365, -0.298488, 0.00522632, 0.016711, -2.80909e-06, 8.95464e-07, -1.5679e-08, -5.0133e-08
348.977, 349.227, 0.938982, -0.290121, 0.00507976, 0.0167563, -2.81695e-06, 8.70363e-07, -1.52393e-08, -5.02688e-08
349.477, 349.728, 0.941525, -0.281731, 0.0049328, 0.0168002, -2.82458e-06, 8.45194e-07, -1.47984e-08, -5.04007e-08
349.978, 350.228, 0.943995, -0.27332, 0.00478545, 0.0168429, -2.83198e-06, 8.19959e-07, -1.43564e-08, -5.05287e-08
350.479, 350.729, 0.946391, -0.264887, 0.00463773, 0.0168843, -2.83917e-06, 7.9466e-07, -1.39132e-08, -5.06528e-08
350.979, 351.23, 0.948713, -0.256433, 0.00448964, 0.0169243, -2.84614e-06, 7.69299e-07, -1.34689e-08, -5.07728e-08
351.48, 351.731, 0.950961, -0.247959, 0.0043412, 0.016963, -2.85288e-06, 7.43878e-07, -1.30236e-08, -5.0889e-08
351.981, 352.231, 0.953134, -0.239466, 0.00419242, 0.0170004, -2.8594e-06, 7.18399e-07, -1.25773e-08, -5.10011e-08
352.482, 352.732, 0.955233, -0.230954, 0.00404332, 0.0170364, -2.8657e-06, 6.92863e-07, -1.213e-08, -5.11092e-08
352.982, 353.233, 0.957258, -0.222425, 0.0038939, 0.0170711, -2.87177e-06, 6.67274e-07, -1.16817e-08, -5.12134e-08
353.483, 353.733, 0.959207, -0.213877, 0.00374417, 0.0171045, -2.87762e-06, 6.41632e-07, -1.12325e-08, -5.13136e-08
353.984, 354.234, 0.961082, -0.205313, 0.00359416, 0.0171366, -2.88325e-06, 6.1594e-07, -1.07825e-08, -5.14097e-08
354.484, 354.735, 0.962882, -0.196733, 0.00344387, 0.0171673, -2.88864e-06, 5.902e-07, -1.03316e-08, -5.15018e-08
354.985, 355.235, 0.964606, -0.188138, 0.00329331, 0.0171966, -2.89382e-06, 5.64414e-07, -9.87993e-09, -5.15899e-08
355.486, 355.736, 0.966255, -0.179528, 0.0031425, 0.0172247, -2.89876e-06, 5.38584e-07, -9.4275e-09, -5.1674e-08
355.986, 356.237, 0.967828, -0.170904, 0.00299145, 0.0172513, -2.90348e-06, 5.12711e-07, -8.97434e-09, -5.1754e-08
356.487, 356.737, 0.969326, -0.162266, 0.00284017, 0.0172767, -2.90798e-06, 4.86799e-07, -8.52051e-09, -5.183e-08
356.988, 357.238, 0.970748, -0.153616, 0.00268867, 0.0173006, -2.91224e-06, 4.60849e-07, -8.06602e-09, -5.19019e-08
357.488, 357.739, 0.972094, -0.144954, 0.00253697, 0.0173232, -2.91628e-06, 4.34862e-07, -7.61092e-09, -5.19697e-08
357.989, 358.239, 0.973364, -0.136281, 0.00238509, 0.0173445, -2.92009e-06, 4.08842e-07, -7.15526e-09, -5.20335e-08
358.49, 358.74, 0.974559, -0.127596, 0.00223302, 0.0173644, -2.92368e-06, 3.82789e-07, -6.69906e-09, -5.20933e-08
358.99, 359.241, 0.975677, -0.118902, 0.00208079, 0.017383, -2.92703e-06, 3.56707e-07, -6.24236e-09, -5.21489e-08
359.491, 359.741, 0.976718, -0.110199, 0.0019284, 0.0174002, -2.93016e-06, 3.30597e-07, -5.7852e-09, -5.22005e-08
359.992, 360.242, 0.977684, -0.101487, 0.00177587, 0.017416, -2.93305e-06, 3.04461e-07, -5.32762e-09, -5.2248e-08
360.492, 360.743, 0.978573, -0.0927671, 0.00162322, 0.0174305, -2.93572e-06, 2.78301e-07, -4.86966e-09, -5.22914e-08
360.993, 361.244, 0.979386, -0.0840399, 0.00147045, 0.0174436, -2.93816e-06, 2.5212e-07, -4.41135e-09, -5.23308e-08
361.494, 361.744, 0.980122, -0.0753062, 0.00131758, 0.0174553, -2.94037e-06, 2.25919e-07, -3.95273e-09, -5.2366e-08
361.995, 362.245, 0.980782, -0.0665666, 0.00116461, 0.0174657, -2.94235e-06, 1.997e-07, -3.49384e-09, -5.23971e-08
362.495, 362.746, 0.981365, -0.0578218, 0.00101157, 0.0174747, -2.94409e-06, 1.73465e-07, -3.03472e-09, -5.24242e-08
362.996, 363.246, 0.981871, -0.0490725, 0.000858469, 0.0174824, -2.94561e-06, 1.47217e-07, -2.57541e-09, -5.24471e-08
363.497, 363.747, 0.982301, -0.0403193, 0.000705311, 0.0174887, -2.9469e-06, 1.20958e-07, -2.11593e-09, -5.2466e-08
363.997, 364.248, 0.982654, -0.031563, 0.000552114, 0.0174936, -2.94796e-06, 9.46891e-08, -1.65634e-09, -5.24808e-08
364.498, 364.748, 0.982931, -0.0228043, 0.00039889, 0.0174971, -2.94879e-06, 6.84128e-08, -1.19667e-09, -5.24914e-08
364.999, 365.249, 0.98313, -0.0140437, 0.000245651, 0.0174993, -2.94939e-06, 4.21312e-08, -7.36953e-10, -5.2498e-08
365.499, 365.75, 0.983253, -0.00528209, 9.24104e-05, 0.0175002, -2.94976e-06, 1.58463e-08, -2.77231e-10, -5.25005e-08
366, 366.25, 0.9833, 0.00347996, -6.08197e-05, 0.0174996, -2.9499e-06, -1.04399e-08, 1.82459e-10, -5.24988e-08
